30
1
1
1
1
1
1
1
1
1
1
1
1
1
1
1
1
1
1
1
1
1
1
1
1
1
1
1
1
1
1
30
42
76
29
88
58
18
15
42
60
47
0
56
14
15
50
86
33
56
52
5
35
14
60
66
39
94
1
15
74
83
0.663839
0.388287
0.442335
0.411878
0.166265
0.239692
0.532731
0.044832
0.041353
0.833613
0.470260
0.943388
0.604846
0.188208
0.804498
0.146886
0.174474
0.542100
0.744011
0.756645
0.765526
0.392895
0.665426
0.533830
0.920957
0.131779
0.835231
0.859310
0.457625
0.929807
0.375530
0.960784
0.409711
0.032319
0.005646
0.813746
0.950926
0.118259
0.589923
0.622578
0.575976
0.879604
0.023530
0.287942
0.323527
0.478072
0.487747
0.766839
0.321268
0.035127
0.604999
0.731284
0.434400
0.811243
0.526170
0.432325
0.298898
0.230781
0.480392
0.175237
0.520981
0.409192
0.819178
0.312265
0.323710
0.338084
0.085788
0.159276
0.422010
0.384808
0.141484
0.742546
0.407636
0.262886
0.879360
0.781610
0.425031
0.129307
0.557543
0.815027
0.419507
0.964965
0.282754
0.874844
0.739036
0.894528
0.675375
0.615894
0.370495
0.602313
0.247536
0.306894
0.592303
0.499649
0.525437
0.588763
0.324015
0.800928
0.446638
0.406812
0.954833
0.163518
0.064608
0.023164
0.931150
0.049165
0.090640
0.515427
0.886105
0.461531
0.305124
0.667776
0.590533
0.217444
0.369274
0.661184
0.507828
0.407605
0.068300
0.468520
0.233680
0.202582
0.517777
0.360942
0.601428
0.661336
0.363689
0.432112
0.735130
0.697439
0.508408
0.545793
0.830775
0.860012
0.392773
0.614154
0.947539
0.085360
0.366649
0.611713
0.589862
0.075533
0.177984
0.232490
0.361858
0.459944
0.112827
0.595477
0.475417
0.396649
0.816614
0.905545
0.392560
0.769250
0.328440
0.475387
0.384594
0.635701
0.359630
0.015381
0.287698
0.085482
0.347453
0.597003
0.237648
0.160955
0.315653
0.196326
0.664052
0.999664
0.072848
0.224036
0.325541
0.853450
0.779962
0.947935
0.667409
0.140873
0.418043
0.214087
0.282601
0.189001
0.188055
0.373424
0.757622
0.821009
0.373150
0.819330
0.684225
0.445448
0.695090
0.042970
0.118717
0.804224
0.696493
0.612415
0.269448
0.034425
0.179205
0.981903
0.694266
0.201453
0.230995
0.537248
0.788781
0.958556
0.870968
0.784051
0.847255
0.489975
0.845637
0.084628
0.476577
0.393384
0.606769
0.850032
0.645405
0.657979
0.001709
0.593280
0.148991
0.394574
0.708213
0.750450
0.771416
0.473952
0.944426
0.675314
0.926450
0.729698
0.485641
0.714286
0.057894
0.881436
0.519059
0.767357
0.581317
0.835444
0.367290
0.242073
0.647664
0.518265
0.612690
0.806024
0.510666
0.899655
0.653035
0.844356
0.778893
0.361431
0.220283
0.028871
0.333811
0.068209
0.893399
0.904660
0.195227
0.496353
0.136357
0.900204
0.115055
0.777245
0.893399
0.668111
0.181005
0.011475
0.271249
0.161687
0.211219
0.209967
0.341472
0.354472
0.221290
0.017945
0.592456
0.008301
0.744530
0.878933
0.063387
0.396649
0.287210
0.793939
0.691214
0.389080
0.699911
0.332865
0.901273
0.803674
0.745903
0.054201
0.973846
0.432783
0.648091
0.988861
0.217109
0.649281
0.895871
0.344829
0.478042
0.998840
0.092837
0.089175
0.022217
0.684988
0.126957
0.562548
0.314493
0.352947
0.443953
0.783624
0.730766
0.078463
0.705741
0.599231
0.733085
0.968108
0.614704
0.336222
0.538682
0.276864
0.185339
0.111667
0.814417
0.450117
0.244484
0.457534
0.427808
0.994995
0.440992
0.415906
0.786187
0.588580
0.546709
0.761437
0.794641
0.328532
0.329783
0.506760
0.964599
0.532548
0.781182
0.347362
0.704123
0.992645
0.976165
0.202429
0.320750
0.091342
0.351817
0.507279
0.768822
0.684866
0.681845
0.414136
0.672048
0.160405
0.529557
0.557573
0.652669
0.573595
0.461165
0.540330
0.498642
0.271981
0.799646
0.796319
0.199866
0.911405
0.201056
0.986602
0.384808
0.270943
0.834468
0.585101
0.188818
0.773156
0.446333
0.809839
0.085299
0.115513
0.091250
0.556169
0.711051
0.919462
0.809809
0.488144
0.216895
0.803217
0.034730
0.944487
0.175115
0.784814
0.007385
0.815088
0.574664
0.421400
0.984649
0.044588
0.935514
0.591021
0.518387
0.919279
0.073397
0.323283
0.588488
0.792901
0.546434
0.585315
0.870479
0.408979
0.314127
0.428571
0.919218
0.474410
0.641011
0.403760
0.549944
0.641621
0.775414
0.649220
0.197821
0.555040
0.434889
0.559526
0.537004
0.118259
0.629719
0.440382
0.141057
0.638447
0.855281
0.056093
0.465590
0.003265
0.184942
0.475967
0.934111
0.548173
0.294809
0.125614
0.408887
0.768639
0.950835
0.449660
0.828028
0.534654
0.990600
0.092105
0.289254
0.963652
0.330180
0.000458
0.362743
0.607227
0.027863
0.359874
0.913480
0.109378
0.935514
0.763726
0.214484
0.991119
0.969176
0.526627
0.632801
0.718375
0.530229
0.546617
0.668416
0.709616
0.107974
0.621876
0.628315
0.438856
0.595233
0.629261
0.716453
0.290902
0.347911
0.470138
0.820948
0.324534
0.520218
0.190222
0.779809
0.600330
0.706320
0.179296
0.406568
0.229072
0.420026
0.857479
0.056642
0.797235
0.443495
0.753838
0.016297
0.325510
0.576281
0.384075
0.494827
0.417035
0.816309
0.833125
0.501633
0.750969
0.503464
0.449019
0.389416
0.578356
0.457350
0.554643
0.344432
0.375988
0.640614
0.582965
0.605487
0.314890
0.378643
0.542436
0.692343
0.699271
0.667562
0.218970
0.425672
0.032594
0.600726
0.020173
0.018708
0.867000
0.446364
0.868526
0.022919
0.091647
0.406323
0.049623
0.407971
0.817499
0.587848
0.421918
0.558061
0.513443
0.219550
0.893765
0.465499
0.550829
0.642811
0.574419
0.902493
0.812647
0.109561
0.505203
0.853084
0.523118
0.918516
0.376812
0.985839
0.954344
0.919645
0.139378
0.448897
0.166204
0.920103
0.911283
0.768609
0.435804
0.020875
0.092929
0.132725
0.532273
0.417035
0.092135
0.839869
0.493851
0.691427
0.566820
0.196051
0.063143
0.134465
0.591662
0.639851
0.436628
0.120029
0.654775
0.377270
0.485031
0.069582
0.890805
0.307688
0.100711
0.035218
0.456435
0.521897
0.827967
0.433180
0.455000
0.153966
0.433180
0.959075
0.315806
0.867580
0.570299
0.215827
0.035096
0.758476
0.198584
0.086062
0.184393
0.954344
0.908353
0.379498
0.092837
0.692831
0.811121
0.787255
0.109500
0.159734
0.150731
0.673879
0.351909
0.868068
0.291330
0.738792
0.847560
0.859096
0.238227
0.077700
0.473586
0.507401
0.348613
0.676138
0.602344
0.210395
0.387921
0.865383
0.857509
0.743858
0.587848
0.772912
0.888394
0.564776
0.863002
0.298105
0.567583
0.842860
0.841578
0.644612
0.519089
0.501480
0.867183
0.940519
0.382580
0.049959
0.627064
0.977783
0.720176
0.487991
0.564257
0.601978
0.972137
0.063478
0.728324
0.783715
0.367748
0.165349
0.222633
0.903012
0.197302
0.132145
0.903073
0.277505
0.351817
0.258126
0.484970
0.466659
0.536515
0.777734
0.714835
0.381848
0.064425
0.109745
0.762444
0.735008
0.636311
0.142735
0.489975
0.855983
0.013001
0.842524
0.754479
0.410474
0.987030
0.963164
0.399640
0.049593
0.558580
0.142827
0.093295
0.522294
0.723655
0.165807
0.666951
0.281808
0.779107
0.671346
0.113376
0.117832
0.551744
0.091403
0.898892
0.844935
0.457717
0.098086
0.745994
0.579089
0.797906
0.341960
0.543352
0.633442
0.196081
0.762719
0.538682
0.564074
0.585864
0.253426
0.471236
0.397900
0.652638
0.959502
0.799951
0.573168
0.137028
0.993530
0.683462
0.623951
0.905789
0.847652
0.868618
0.140568
0.196448
0.284188
0.142979
0.036012
0.942320
0.986328
0.508499
0.650746
0.583483
0.749413
0.731803
0.726371
0.270608
0.494949
0.427839
0.779748
0.867580
0.887814
0.332987
0.908933
0.658956
0.838252
0.923856
0.561663
0.169103
0.670217
0.037812
0.298288
0.998749
0.236427
0.652272
0.079989
0.085147
0.762535
0.477676
0.113559
0.292886
0.700400
0.521897
0.784204
0.740287
0.373150
0.281137
0.707266
0.769036
0.691794
0.714164
0.430799
0.962249
0.725791
0.656056
0.819208
0.117771
0.408246
0.827540
0.650166
0.582812
0.157048
0.096438
0.455489
0.856075
0.693503
0.147160
0.137577
0.863674
0.839167
0.214698
0.392315
0.815363
0.572649
0.039369
0.469893
0.046937
0.127445
0.698477
0.304941
0.755089
0.412061
0.471175
0.546800
0.031251
0.533311
0.392804
0.521622
0.100650
0.704856
0.654866
0.657277
0.172338
0.321482
0.507065
0.402387
0.807092
0.480789
0.817469
0.170934
0.208869
0.733085
0.947111
0.343150
0.346873
0.341533
0.095309
0.854610
0.313211
0.832942
0.772149
0.404370
0.823725
0.120884
0.553606
0.813532
0.267251
0.982482
0.776910
0.565203
0.210395
0.169744
0.330851
0.057802
0.763176
0.937223
0.198645
0.602191
0.712394
0.266457
0.908536
0.694021
0.829127
0.569567
0.549120
0.593310
0.255867
0.151891
0.505448
0.741295
0.380230
0.216376
0.571673
0.046815
0.101169
0.689566
0.597430
0.572985
0.894131
0.651631
0.323222
0.655293
0.581042
0.650838
0.561815
0.982971
0.211921
0.684133
0.381359
0.674215
0.963866
0.125034
0.446913
0.876980
0.463881
