10
1
1
1
1
1
1
1
1
1
1
10
13
85
60
32
47
76
12
50
43
61
0.293527
0.961272
0.993042
0.483596
0.681509
0.297189
0.667196
0.870449
0.927976
0.432752
0.348552
0.423383
0.893979
0.412183
0.522202
0.334239
0.563189
0.107089
0.604938
0.757347
0.758446
0.692312
0.643300
0.340800
0.672414
0.677999
0.341258
0.767846
0.369304
0.030213
0.824885
0.088748
0.913511
0.410047
0.048799
0.125523
0.281014
0.063448
0.252205
0.729576
0.711051
0.392712
0.369396
0.174535
0.652577
0.740654
0.801996
0.465041
0.963439
0.419172
0.458602
0.842616
0.517197
0.513016
0.468245
0.270119
0.874844
0.490249
0.474075
0.176214
0.176733
0.150700
0.913144
0.240455
0.912198
0.943358
0.188910
0.500870
0.721305
0.184271
0.142644
0.565081
0.887326
0.206275
0.729728
0.206030
0.673696
0.971129
0.307413
0.123997
0.163884
0.176214
0.440107
0.155522
0.758965
0.386670
0.628559
0.711081
0.989624
0.223640
0.868892
0.722526
0.799066
0.141087
0.448347
0.881405
0.952940
0.821192
0.883297
0.449690
