18
1
1
1
1
1
1
1
1
1
1
1
1
1
1
1
1
1
1
10
14
63
78
73
19
75
66
1
27
48
0.357128
0.537919
0.836116
0.108768
0.222205
0.288186
0.769463
0.094211
0.895840
0.418714
0.800836
0.100436
0.468673
0.247597
0.704947
0.116245
0.535569
0.807459
0.433210
0.639454
0.046907
0.415418
0.028932
0.056368
0.795343
0.338755
0.255196
0.882809
0.317972
0.212470
0.967284
0.772271
0.496384
0.365154
0.760002
0.698508
0.634663
0.709189
0.922117
0.217536
0.297525
0.351634
0.228431
0.216498
0.689322
0.582385
0.600971
0.054842
0.855312
0.395062
0.170629
0.504349
0.486404
0.197668
0.770562
0.394269
0.608997
0.868892
0.392163
0.367901
0.940184
0.816218
0.635670
0.656545
0.190924
0.192480
0.685537
0.277322
0.097324
0.926786
0.843104
0.561327
0.461654
0.725883
0.146580
0.417707
0.984649
0.702902
0.110599
0.240577
0.169866
0.789087
0.115909
0.864834
0.081698
0.584826
0.480789
0.476699
0.237892
0.806787
0.745354
0.886044
0.418439
0.986541
0.199957
0.065889
0.671529
0.577776
0.189154
0.366039
0.297952
0.127781
0.222053
0.306528
0.095431
0.669607
0.420698
0.357585
0.643971
0.991241
0.337565
0.612171
0.913205
0.937956
0.673605
0.757256
0.973663
0.404218
0.927488
0.250160
0.092441
0.171209
0.508347
0.106357
0.995209
0.246132
0.342082
0.204718
0.575091
0.860164
0.503555
0.516648
0.830531
0.780236
0.904996
0.165227
0.312449
0.092227
0.572527
0.720969
0.862850
0.110630
0.541887
0.639607
0.925352
0.571368
0.904447
0.249306
0.209387
0.764519
0.034669
0.192480
0.989349
0.762230
0.530992
0.729362
0.819147
0.399030
0.900174
0.808588
0.944884
0.159917
0.517624
0.312357
0.195257
0.633351
0.894070
0.380902
0.632405
0.684500
0.780023
0.223914
0.743065
0.005737
0.139805
0.324107
0.452589
0.200385
0.525498
0.439802
