14
1
1
1
1
1
1
1
1
1
1
1
1
1
1
10
91
47
36
71
13
31
64
10
0
8
0.023896
0.552538
0.938200
0.292032
0.922422
0.783074
0.962828
0.587146
0.377117
0.056825
0.253059
0.305490
0.683432
0.068392
0.483718
0.647664
0.064211
0.174810
0.005799
0.793603
0.780969
0.688040
0.095096
0.781610
0.621509
0.035859
0.593463
0.209662
0.921323
0.323862
0.348857
0.540269
0.773919
0.328532
0.360485
0.289926
0.587268
0.453413
0.035279
0.884854
0.641926
0.679525
0.461959
0.463637
0.807581
0.040986
0.108860
0.408856
0.073763
0.657521
0.851985
0.888089
0.051607
0.854396
0.739097
0.185980
0.102298
0.402112
0.396802
0.108890
0.248848
0.406049
0.486129
0.242653
0.527207
0.877834
0.113254
0.345286
0.933287
0.519669
0.601703
0.655782
0.621754
0.752800
0.531938
0.399945
0.513108
0.521378
0.454848
0.275185
0.965178
0.902890
0.185461
0.194403
0.665212
0.056398
0.082705
0.071535
0.399335
0.540422
0.221961
0.929075
0.854671
0.530320
0.866329
0.108921
0.111148
0.968261
0.143010
0.868526
0.979308
0.175390
0.331248
0.142369
0.839320
0.958586
0.667257
0.751457
0.139134
0.742210
0.073641
0.840663
0.206366
0.756890
0.718467
0.826136
0.531175
0.815851
0.810816
0.633869
0.175939
0.710746
0.538896
0.510239
0.468520
0.757439
0.557024
0.186163
0.634480
0.523881
0.927580
0.676199
0.525315
0.270486
0.924375
0.493332
0.098544
0.134983
0.603595
0.561357
