12
1
1
1
1
1
1
1
1
1
1
1
1
10
21
80
97
60
77
84
3
10
28
10
0.949248
0.276986
0.435072
0.776513
0.085940
0.314158
0.186682
0.317026
0.923978
0.884091
0.836482
0.455153
0.749107
0.184332
0.125980
0.462783
0.755760
0.101230
0.488784
0.262490
0.006745
0.454360
0.941130
0.880215
0.700308
0.321512
0.732505
0.618610
0.274514
0.849849
0.537217
0.607593
0.381146
0.459548
0.468215
0.887967
0.259743
0.846492
0.694205
0.684286
0.543474
0.689810
0.941923
0.023988
0.027772
0.470931
0.664144
0.357768
0.433149
0.310038
0.155065
0.338755
0.693381
0.226508
0.394177
0.415693
0.800470
0.729362
0.899838
0.397259
0.737205
0.143986
0.373974
0.642933
0.529191
0.581622
0.419080
0.037172
0.947081
0.957396
0.108463
0.403455
0.890439
0.963713
0.691702
0.513260
0.984588
0.404767
0.215552
0.347667
0.421491
0.798822
0.342723
0.766900
0.576281
0.654042
0.148656
0.244148
0.429884
0.324686
0.178411
0.820643
0.330241
0.853603
0.544450
0.936857
0.122074
0.706961
0.346507
0.297739
0.177435
0.808283
0.195410
0.426954
0.357585
0.777306
0.121250
0.066775
0.438063
0.780114
0.647725
0.080203
0.027711
0.896939
0.313700
0.011017
0.513077
0.413923
0.423566
0.958647
