5
1
1
1
1
1
10
37
49
38
17
34
42
3
38
96
90
0.400586
0.866787
0.374767
0.708731
0.900052
0.945524
0.854640
0.779199
0.183996
0.531297
0.012726
0.873012
0.254707
0.092502
0.518540
0.257729
0.982025
0.502762
0.802698
0.987671
0.664327
0.982208
0.357402
0.627583
0.982665
0.861507
0.570086
0.377087
0.752983
0.949095
0.746513
0.626179
0.383892
0.783197
0.479354
0.473922
0.445753
0.550005
0.019227
0.241462
0.256905
0.949004
0.803430
0.510056
0.894406
0.786767
0.799249
0.715995
0.534196
0.580706
