18
1
1
1
1
1
1
1
1
1
1
1
1
1
1
1
1
1
1
15
12
74
35
21
46
91
8
46
38
49
27
63
76
38
69
0.428785
0.347942
0.486679
0.947783
0.735038
0.955077
0.769646
0.741081
0.563219
0.441572
0.609638
0.683920
0.262398
0.012940
0.132908
0.669362
0.837397
0.102451
0.196448
0.156468
0.321482
0.878170
0.991821
0.983032
0.463729
0.806543
0.479537
0.687796
0.886532
0.803827
0.059664
0.123936
0.370647
0.006836
0.384777
0.644795
0.423078
0.693960
0.721946
0.642964
0.784509
0.387646
0.769768
0.724204
0.032533
0.670125
0.336741
0.297586
0.936705
0.743065
0.787194
0.862514
0.721793
0.262581
0.660848
0.774651
0.895627
0.481124
0.372997
0.771294
0.797540
0.226875
0.400342
0.037935
0.523759
0.752708
0.859859
0.097232
0.385998
0.985198
0.886380
0.300974
0.559648
0.205390
0.715201
0.207434
0.077364
0.692679
0.876064
0.624409
0.825037
0.362316
0.404706
0.599475
0.695425
0.928953
0.478195
0.138920
0.556780
0.626179
0.380474
0.936521
0.191839
0.014466
0.204047
0.892880
0.863918
0.908078
0.194372
0.707633
0.666036
0.952055
0.143071
0.324747
0.309732
0.881436
0.736229
0.512742
0.509476
0.992950
0.263802
0.360973
0.618824
0.860927
0.597156
0.973022
0.675253
0.828669
0.839625
0.138646
0.508927
0.306375
0.557909
0.265755
0.072634
0.407086
0.999390
0.352977
0.648244
0.951659
0.202063
0.284829
0.086673
0.374035
0.403424
0.230140
0.737236
0.558550
0.654347
0.425581
0.222571
0.139531
0.044191
0.124760
0.715781
0.295724
0.443831
0.995148
0.875362
0.569414
0.172063
0.742790
0.095126
0.742668
0.492447
0.247536
0.224342
0.301431
0.346171
0.988891
0.415052
0.518479
0.227912
0.043916
0.252632
0.687002
0.610065
0.439283
0.825739
0.535813
0.822382
0.137516
0.891781
0.357341
0.792657
0.439467
0.794855
0.879910
0.555406
0.084017
0.291147
0.415082
0.933866
0.826563
0.939634
0.312265
0.302469
0.776666
0.212622
0.250465
0.835475
0.277322
0.983947
0.399792
0.148106
0.606250
0.549944
0.982971
0.736869
0.280557
0.840114
0.268593
0.124302
0.246529
0.973388
0.527451
0.115848
0.734947
0.816248
0.982788
0.073611
0.064180
0.699240
0.285897
0.614429
0.171484
0.947966
0.548601
0.637654
0.154088
0.384411
0.463485
0.089541
0.601398
0.455702
0.543168
0.370159
0.999420
0.145756
0.010193
0.788934
0.988617
0.326548
0.368419
0.975494
0.756737
0.704917
0.187201
0.651753
0.347423
0.021393
0.130039
0.671651
0.166295
0.657491
0.758232
0.734581
0.465316
0.306864
0.141362
0.678915
0.087130
0.867885
0.805902
0.762047
0.250404
0.212439
0.052278
0.832789
0.657216
0.988678
0.173254
0.802637
0.704215
0.112430
0.603137
0.322367
0.078494
0.105136
0.530229
