10
1
1
1
1
1
1
1
1
1
1
5
18
27
71
50
86
0.877041
0.916044
0.261910
0.530290
0.222663
0.906552
0.311686
0.006592
0.848445
0.070101
0.083071
0.751732
0.898251
0.676687
0.161443
0.324381
0.250893
0.924284
0.949217
0.027833
0.966002
0.226417
0.928892
0.744804
0.903684
0.977844
0.491195
0.079196
0.424451
0.079806
0.483200
0.335856
0.575335
0.007050
0.134007
0.369182
0.668691
0.696127
0.513138
0.832270
0.659597
0.037935
0.178747
0.857814
0.228675
0.254860
0.171392
0.701682
0.976012
0.943724
