10
1
1
1
1
1
1
1
1
1
1
10
12
34
2
1
20
90
93
50
77
80
0.109622
0.975402
0.105686
0.553087
0.133000
0.815821
0.432783
0.286477
0.009522
0.294046
0.661184
0.653005
0.631794
0.631153
0.930998
0.322733
0.218360
0.984313
0.831568
0.844478
0.672384
0.496353
0.878292
0.340465
0.121525
0.800226
0.623981
0.297281
0.171239
0.384838
0.186438
0.108188
0.901822
0.728507
0.473067
0.524155
0.141057
0.606128
0.884152
0.668935
0.043489
0.476577
0.775872
0.775170
0.507370
0.356456
0.464431
0.297220
0.461043
0.086093
0.052187
0.557360
0.549638
0.394818
0.857631
0.581286
0.253243
0.670980
0.729698
0.279336
0.968078
0.843501
0.028687
0.629933
0.081881
0.280862
0.553911
0.020661
0.574633
0.114017
0.200140
0.404614
0.175817
0.889401
0.623676
0.426496
0.609760
0.957945
0.699545
0.176519
0.959899
0.507309
0.050966
0.727012
0.683615
0.642384
0.432234
0.108554
0.308634
0.421003
0.246376
0.882046
0.342418
0.251167
0.978973
0.962371
0.425428
0.555620
0.829035
0.850581
