20
1
1
1
1
1
1
1
1
1
1
1
1
1
1
1
1
1
1
1
1
10
85
88
79
47
68
62
51
35
30
79
0.489212
0.457961
0.655019
0.831507
0.266152
0.768670
0.245613
0.149754
0.066530
0.025880
0.727317
0.259224
0.131352
0.481735
0.918424
0.480636
0.670797
0.488754
0.312540
0.179388
0.550157
0.066500
0.504013
0.114109
0.368908
0.290231
0.146367
0.186010
0.338054
0.283273
0.100436
0.619587
0.862819
0.094180
0.928312
0.106174
0.236549
0.239692
0.388775
0.942076
0.352458
0.195135
0.091464
0.691397
0.838832
0.613300
0.965239
0.406171
0.524400
0.553117
0.697043
0.933988
0.640431
0.499252
0.798242
0.344829
0.664815
0.454024
0.453688
0.008515
0.215308
0.882931
0.810480
0.353404
0.897916
0.794733
0.862300
0.838313
0.516343
0.737724
0.585833
0.168371
0.549242
0.993194
0.485305
0.286599
0.301218
0.747490
0.201514
0.171484
0.633900
0.523667
0.341441
0.973266
0.683279
0.654378
0.185034
0.518479
0.469802
0.076815
0.425031
0.715873
0.807154
0.231391
0.596271
0.893002
0.416089
0.344920
0.350719
0.596423
0.649709
0.880123
0.234474
0.885617
0.736229
0.431989
0.122868
0.652547
0.945647
0.853267
0.970275
0.997650
0.586413
0.888943
0.030183
0.193915
0.238472
0.102420
0.202765
0.270058
0.128880
0.373699
0.665181
0.743858
0.056185
0.750786
0.441542
0.537461
0.770074
0.936460
0.068697
0.605426
0.212043
0.190558
0.013672
0.306864
0.523972
0.929777
0.999573
0.053072
0.230293
0.805872
0.895779
0.261757
0.500381
0.543718
0.328959
0.149022
0.897153
0.320261
0.671010
0.390851
0.518265
0.966002
0.560045
0.184515
0.936369
0.769494
0.611164
0.742088
0.843959
0.167211
0.472488
0.746422
0.810083
0.099002
0.883663
0.801569
0.054353
0.310984
0.891964
0.408460
0.644704
0.386822
0.883541
0.497299
0.025452
0.788995
0.584674
0.047731
0.281564
0.690909
0.690573
0.828333
0.045412
0.881314
0.276925
0.786187
0.452712
0.522141
0.651265
0.118473
0.052919
0.041353
0.799676
0.556749
0.081729
0.941679
0.085818
0.895291
