5
1
1
1
1
1
10
14
5
51
97
28
98
35
36
82
28
0.453902
0.383862
0.165838
0.687796
0.267769
0.341838
0.423261
0.531327
0.860500
0.281533
0.186865
0.283181
0.103824
0.173986
0.284463
0.737907
0.280587
0.671468
0.757714
0.274728
0.239784
0.766320
0.510849
0.036927
0.483871
0.654927
0.344005
0.956755
0.718528
0.212775
0.152440
0.282418
0.896817
0.987579
0.573260
0.763329
0.288583
0.115360
0.860439
0.149663
0.606647
0.067782
0.269753
0.162786
0.720634
0.634724
0.734825
0.592486
0.990295
0.049989
