40
1
1
1
1
1
1
1
1
1
1
1
1
1
1
1
1
1
1
1
1
1
1
1
1
1
1
1
1
1
1
1
1
1
1
1
1
1
1
1
1
20
55
63
48
56
39
55
60
23
35
94
99
49
65
53
96
4
15
31
59
96
0.893094
0.290689
0.114505
0.307596
0.091617
0.078799
0.311869
0.891690
0.226936
0.762200
0.737907
0.952605
0.724387
0.137516
0.284310
0.470046
0.180395
0.308512
0.460677
0.952879
0.455947
0.030793
0.485031
0.792444
0.740471
0.144658
0.110508
0.407483
0.243019
0.126835
0.094790
0.461074
0.666555
0.292886
0.718284
0.930815
0.121525
0.681051
0.257332
0.314249
0.635365
0.149083
0.818934
0.750053
0.913694
0.715171
0.442701
0.336375
0.510117
0.674245
0.877163
0.427992
0.059969
0.521043
0.935545
0.193030
0.735282
0.210791
0.838374
0.210700
0.576189
0.789514
0.448317
0.391369
0.856014
0.924100
0.804224
0.000092
0.135441
0.364483
0.859676
0.065035
0.162694
0.868679
0.833583
0.951659
0.275307
0.621632
0.077609
0.384442
0.460494
0.679861
0.868221
0.697012
0.729698
0.472427
0.027894
0.591906
0.963897
0.890042
0.783685
0.191626
0.885983
0.993042
0.767296
0.661794
0.316172
0.870052
0.564928
0.187597
0.367016
0.678152
0.721702
0.585681
0.734001
0.395734
0.607288
0.331095
0.738182
0.319987
0.049654
0.282510
0.276955
0.839229
0.142064
0.885098
0.339335
0.512192
0.130558
0.133763
0.241981
0.985290
0.787500
0.077090
0.241981
0.778619
0.177862
0.143620
0.683065
0.472854
0.224311
0.071688
0.331126
0.327372
0.977386
0.724052
0.055605
0.861476
0.996796
0.568316
0.512528
0.429670
0.750664
0.105014
0.986084
0.322520
0.438276
0.023774
0.044435
0.423780
0.143132
0.369671
0.166448
0.955779
0.722160
0.500107
0.995025
0.343791
0.337535
0.114475
0.373882
0.730766
0.037507
0.136937
0.823969
0.173711
0.292062
0.734306
0.615040
0.053133
0.890011
0.249458
0.089755
0.726310
0.103702
0.332682
0.395734
0.956175
0.527543
0.050844
0.281808
0.146855
0.496567
0.256905
0.115513
0.917051
0.491226
0.000000
0.777184
0.042329
0.435041
0.258187
0.587146
0.298318
0.290872
0.774316
0.922849
0.235054
0.862270
0.276864
0.681082
0.414411
0.206091
0.867031
0.242653
0.141758
0.563158
0.852473
0.095004
0.222846
0.211890
0.810266
0.769402
0.777459
0.152959
0.158971
0.248573
0.640797
0.029481
0.022370
0.501755
0.384228
0.190344
0.664876
0.302561
0.486343
0.302042
0.280801
0.986450
0.685415
0.415723
0.418378
0.303781
0.045106
0.895566
0.819636
0.025086
0.764183
0.114597
0.957610
0.454329
0.261452
0.324595
0.052217
0.506485
0.567675
0.605792
0.845668
0.506272
0.554979
0.303018
0.918973
0.363384
0.035768
0.854671
0.830836
0.281167
0.261849
0.419874
0.859890
0.654683
0.855129
0.211524
0.631733
0.314463
0.701376
0.940062
0.412214
0.772362
0.837977
0.274880
0.347545
0.625263
0.867183
0.730125
0.433271
0.773644
0.926023
0.879665
0.492996
0.610584
0.743858
0.309153
0.947874
0.837886
0.819453
0.210425
0.658650
0.065127
0.248146
0.024506
0.621113
0.848659
0.230750
0.039949
0.796106
0.325694
0.795495
0.352489
0.856014
0.100833
0.763726
0.092105
0.127964
0.540666
0.491409
0.324229
0.516160
0.132572
0.417158
0.530503
0.683218
0.064638
0.947905
0.076449
0.273354
0.682302
0.714011
0.571459
0.457198
0.977996
0.724754
0.527329
0.580370
0.770806
0.455153
0.222510
0.196844
0.731223
0.396130
0.177068
0.268380
0.908292
0.098331
0.145634
0.810907
0.914670
0.241829
0.033906
0.769860
0.426313
0.762078
0.645466
0.404920
0.152898
0.563829
0.664754
0.966063
0.934965
0.854488
0.782647
0.941557
0.124454
0.627461
0.370952
0.659810
0.904721
0.327372
0.612018
0.525681
0.706107
0.228095
0.489273
0.673055
0.373608
0.554979
0.546037
0.314493
0.242592
0.882382
0.817438
0.569597
0.779168
0.837916
0.842982
0.052797
0.941038
0.644612
0.165014
0.002686
0.915494
0.532121
0.220191
0.233009
0.390515
0.548326
0.029267
0.687735
0.015320
0.802728
0.592456
0.880428
0.206671
0.672536
0.395764
0.999939
0.957060
0.002960
0.935179
0.963286
0.801111
0.833155
0.664327
0.196875
0.596606
0.678152
0.272683
0.427961
0.275918
0.899503
0.699698
0.266366
0.224677
0.194403
0.791650
0.859249
0.443434
0.735649
0.007385
0.398846
0.148778
0.992798
0.079134
0.765282
0.970458
0.766747
0.034455
0.085208
0.400037
0.468032
0.486099
0.487899
0.648030
0.170598
0.595294
0.839503
0.565386
0.472488
0.615497
0.737632
0.785791
0.693991
0.422254
0.546373
0.744652
0.445174
0.935667
0.754021
0.731651
0.093905
0.841700
0.433943
0.632466
0.165380
0.518601
0.090609
0.516251
0.204382
0.574602
0.671346
0.725303
0.131962
0.903226
0.025330
0.622486
0.627430
0.662343
0.591418
0.653584
0.566881
0.083560
0.595355
0.880032
0.049745
0.517533
0.538285
0.638722
0.044343
0.622242
0.257424
0.484939
0.183996
0.099826
0.340190
0.074984
0.744621
0.888638
0.173132
0.144108
0.335276
0.216559
0.406995
0.236763
0.332957
0.422071
0.118809
0.344829
0.592517
0.948759
0.452834
0.110416
0.463515
0.420301
0.020844
0.749352
0.644795
0.201636
0.843898
0.351421
0.908261
0.352611
0.115848
0.714286
0.222877
0.380627
0.570940
0.366283
0.310770
0.698264
0.735710
0.935362
0.165563
0.192083
0.847102
0.519669
0.565386
0.809564
0.717826
0.216681
0.111026
0.569018
0.330302
0.466445
0.820856
0.900388
0.440230
0.365612
0.813379
0.721824
0.971282
0.608631
0.109348
0.159215
0.481857
0.211890
0.083865
0.314280
0.485824
0.677480
0.600421
0.987762
0.907468
0.752464
0.357555
0.764122
0.452803
0.440443
0.479873
0.363720
0.178014
0.420942
0.884396
0.668874
0.036531
0.533403
0.453536
0.329661
0.685751
0.482040
0.545915
0.356700
0.334666
0.417402
0.876431
0.605823
0.914274
0.551286
0.296518
0.562120
0.350688
0.460952
0.506424
0.328623
0.223823
0.239296
0.229835
0.226783
0.591571
0.146825
0.883297
0.913968
0.261391
0.921659
0.270272
0.425306
0.290567
0.404309
0.332560
0.045351
0.995880
0.633076
0.489212
0.416028
0.254707
0.066103
0.594470
0.787347
0.378155
0.087161
0.046602
0.816767
0.337657
0.450362
0.077792
0.823756
0.626453
0.820917
0.757347
0.905576
0.537095
0.067721
0.738792
0.820856
0.136174
0.464217
0.282571
0.046632
0.717582
0.453444
0.585131
0.915860
0.015412
0.134312
0.946196
0.240944
0.958220
0.124271
0.804804
0.330027
0.244911
0.955565
0.176153
0.802118
0.525101
0.660604
0.519913
0.107028
0.463210
0.703574
0.571123
0.157170
0.469283
0.913419
0.165746
0.976226
0.376812
0.575213
0.591479
0.772301
0.849117
0.336344
0.494675
0.340800
0.795465
0.082766
0.876095
0.203711
0.578143
0.442793
0.204840
0.391369
0.292093
0.073641
0.183508
0.273293
0.897671
0.387799
0.194281
0.343883
0.488266
0.874844
0.958525
0.369488
0.474319
0.675253
0.439833
0.803186
0.964019
0.562548
0.523362
0.873104
0.122898
0.989746
0.500900
0.251137
0.793176
0.356548
0.894375
0.707907
0.153874
0.153661
0.648427
0.660054
0.703574
0.139958
0.223151
0.016663
0.346171
0.209387
0.618824
0.230750
0.862056
0.103519
0.863155
0.961791
0.544664
0.626026
0.992920
0.256050
0.284738
0.515275
0.060945
0.650990
0.882962
0.631642
0.199713
0.108982
0.872158
0.615131
0.272805
0.188330
0.631001
0.670309
0.145482
0.356029
0.069369
0.634236
0.105899
0.849910
0.667776
0.983978
0.467513
0.995453
0.151158
0.939665
0.884884
0.384381
0.578967
0.319620
0.413099
0.820490
0.132206
0.303812
0.843135
0.439222
0.379467
0.761376
0.343364
0.907804
0.302164
0.299142
0.939360
0.111087
0.861232
0.687216
0.862392
0.230567
0.385876
0.817438
0.298776
0.621815
0.565844
0.851436
0.570727
0.396985
0.328562
0.714530
0.279763
0.119083
0.382153
0.591327
0.444777
0.513291
0.705893
0.579760
0.165044
0.602344
0.768975
0.159368
0.840297
0.172155
0.759209
0.630543
0.478225
0.973479
0.602680
0.180273
0.121525
0.566149
0.055635
