60
1
1
1
1
1
1
1
1
1
1
1
1
1
1
1
1
1
1
1
1
1
1
1
1
1
1
1
1
1
1
1
1
1
1
1
1
1
1
1
1
1
1
1
1
1
1
1
1
1
1
1
1
1
1
1
1
1
1
1
1
40
95
98
49
73
48
62
8
1
75
88
78
82
41
1
16
98
62
95
32
43
11
33
6
84
69
15
58
20
44
52
40
80
7
46
3
62
22
50
46
49
0.495346
0.312784
0.026399
0.242775
0.456984
0.919279
0.633381
0.441450
0.905728
0.128330
0.271828
0.934172
0.588183
0.444929
0.693106
0.168523
0.556505
0.027436
0.977172
0.739158
0.023591
0.747459
0.478500
0.174749
0.126377
0.524796
0.945982
0.203986
0.253548
0.969298
0.722465
0.780999
0.094028
0.860317
0.431196
0.651875
0.062380
0.495621
0.054445
0.743431
0.257485
0.440504
0.810968
0.155553
0.610553
0.708426
0.738823
0.038392
0.378857
0.904935
0.389203
0.135228
0.641621
0.365215
0.538133
0.272958
0.953734
0.817560
0.321604
0.580920
0.814325
0.603046
0.701315
0.719626
0.105716
0.983306
0.666280
0.900296
0.159581
0.567431
0.077120
0.976806
0.606098
0.389203
0.559557
0.391186
0.662618
0.666128
0.352306
0.253822
0.018159
0.771050
0.516892
0.339549
0.969787
0.448225
0.414838
0.281198
0.966948
0.804621
0.858486
0.741722
0.220740
0.107883
0.842311
0.845698
0.533586
0.922239
0.260109
0.652333
0.005615
0.613392
0.515183
0.950438
0.774957
0.754021
0.428999
0.156896
0.446699
0.460860
0.355083
0.600177
0.368175
0.194433
0.904416
0.969512
0.405744
0.053377
0.187964
0.211463
0.380139
0.093631
0.983642
0.655354
0.815943
0.704794
0.732597
0.647725
0.162023
0.573840
0.772637
0.478561
0.138829
0.268532
0.713584
0.879391
0.368847
0.970763
0.361888
0.874783
0.946532
0.391675
0.099948
0.269112
0.103946
0.400006
0.127140
0.548753
0.628559
0.393841
0.468154
0.481948
0.188696
0.948576
0.155217
0.197058
0.224097
0.770898
0.490555
0.020508
0.556749
0.491073
0.794824
0.855831
0.378796
0.324107
0.548540
0.384991
0.773736
0.131382
0.332102
0.873226
0.426923
0.913968
0.470931
0.858516
0.681845
0.268746
0.791864
0.507248
0.598376
0.838954
0.397229
0.917142
0.169225
0.289499
0.862880
0.148381
0.350749
0.839686
0.765862
0.265053
0.064638
0.883236
0.949004
0.167119
0.826350
0.727683
0.427503
0.494888
0.156865
0.984252
0.344798
0.386853
0.434034
0.639210
0.883328
0.372539
0.339335
0.338115
0.536424
0.181188
0.556658
0.914396
0.648274
0.747703
0.879604
0.692923
0.627247
0.197028
0.382702
0.600879
0.739433
0.088687
0.813929
0.615711
0.888760
0.701834
0.863552
0.582934
0.289193
0.642872
0.466720
0.933897
0.436354
0.556505
0.795312
0.335276
0.283608
0.221595
0.095218
0.801691
0.030061
0.813013
0.026093
0.301981
0.425642
0.610614
0.658895
0.391461
0.000336
0.937010
0.787957
0.900388
0.123417
0.604877
0.713981
0.210273
0.298898
0.655446
0.153722
0.149907
0.603626
0.669027
0.433058
0.041047
0.674367
0.429334
0.619343
0.926267
0.149632
0.222358
0.749626
0.509262
0.973235
0.551378
0.810724
0.839930
0.464919
0.549089
0.627491
0.274056
0.565477
0.868526
0.315744
0.740379
0.161229
0.333415
0.455489
0.844935
0.895505
0.129765
0.641499
0.844905
0.371990
0.819727
0.566851
0.022858
0.157720
0.958708
0.296030
0.492447
0.490432
0.597705
0.883785
0.967009
0.097568
0.451216
0.995636
0.522568
0.032960
0.012604
0.687033
0.885891
0.937132
0.398114
0.996643
0.279366
0.627552
0.200323
0.510392
0.353832
0.425825
0.132878
0.552660
0.240364
0.126743
0.747490
0.160314
0.252541
0.016541
0.004212
0.496536
0.270394
0.846248
0.976775
0.860256
0.337230
0.166051
0.473708
0.947325
0.500534
0.927915
0.856899
0.520310
0.428297
0.761010
0.838527
0.142338
0.832026
0.828242
0.537889
0.131870
0.227546
0.668538
0.579119
0.394299
0.065065
0.931669
0.511246
0.286935
0.759667
0.412244
0.331736
0.173223
0.652974
0.288583
0.394971
0.822810
0.438581
0.972900
0.486282
0.313486
0.080752
0.479019
0.343852
0.591479
0.759056
0.714133
0.408734
0.345927
0.869289
0.600482
0.084628
0.354320
0.612751
0.433332
0.288980
0.954802
0.204077
0.381634
0.576006
0.801508
0.229957
0.537400
0.613453
0.559771
0.189215
0.420331
0.293954
0.696554
0.745903
0.343486
0.262642
0.023133
0.726341
0.546922
0.141758
0.145909
0.391980
0.504807
0.233985
0.481643
0.018342
0.312693
0.985351
0.993469
0.312418
0.561388
0.989319
0.303629
0.698599
0.602954
0.813166
0.339946
0.005554
0.615955
0.427625
0.171026
0.584490
0.375408
0.521622
0.187750
0.390240
0.134526
0.482711
0.286416
0.056642
0.523484
0.325053
0.210181
0.497299
0.872463
0.345775
0.705039
0.062685
0.864528
0.791009
0.646138
0.785821
0.924955
0.313150
0.791742
0.746147
0.253059
0.500259
0.319529
0.084689
0.902951
0.258950
0.803217
0.700339
0.819208
0.332102
0.783990
0.159032
0.233985
0.732658
0.594836
0.847377
0.331797
0.374432
0.592212
0.901395
0.587909
0.681845
0.452803
0.942015
0.686880
0.458937
0.690603
0.148350
0.427564
0.799829
0.051088
0.700491
0.520676
0.321177
0.938780
0.121921
0.684805
0.498276
0.533616
0.554582
0.948180
0.385846
0.754051
0.495834
0.561022
0.504929
0.721030
0.030335
0.426221
0.176885
0.881069
0.086947
0.453108
0.086184
0.443007
0.752190
0.741905
0.352641
0.286233
0.171850
0.004089
0.894864
0.995148
0.071627
0.125736
0.365947
0.177313
0.428053
0.279153
0.442701
0.720939
0.321268
0.490097
0.749474
0.147923
0.500504
0.066073
0.198187
0.719016
0.693747
0.792291
0.025605
0.447066
0.192877
0.301309
0.309061
0.674947
0.745506
0.523026
0.241890
0.373699
0.284219
0.620624
0.950102
0.818384
0.525834
0.319529
0.130985
0.796228
0.970122
0.034852
0.295633
0.005066
0.330760
0.704062
0.895901
0.796991
0.929136
0.730857
0.117374
0.923978
0.081881
0.946928
0.620075
0.441908
0.014344
0.997070
0.006928
0.429060
0.330332
0.054872
0.302744
0.674978
0.569720
0.274392
0.223548
0.996643
0.885617
0.884518
0.518815
0.337687
0.371349
0.332072
0.166662
0.307138
0.069613
0.380322
0.704215
0.313730
0.194098
0.568285
0.473708
0.952361
0.595477
0.938169
0.065981
0.798425
0.002777
0.436079
0.742607
0.267190
0.071383
0.893429
0.117405
0.693197
0.768822
0.994049
0.879574
0.287027
0.129704
0.134342
0.838313
0.125248
0.911405
0.582141
0.071657
0.829585
0.180670
0.840419
0.459883
0.092013
0.363994
0.622578
0.384533
0.701834
0.791375
0.345347
0.875332
0.230689
0.265847
0.545366
0.985015
0.032289
0.689688
0.125736
0.674520
0.712790
0.278237
0.839320
0.988708
0.727897
0.393170
0.914090
0.804529
0.263588
0.525956
0.227699
0.932798
0.055971
0.462966
0.937132
0.854579
0.306833
0.163671
0.969146
0.873653
0.351421
0.382702
0.279122
0.966277
0.234107
0.567461
0.283181
0.109378
0.848720
0.062349
0.370312
0.368725
0.799432
0.150975
0.901334
0.527696
0.638783
0.967254
0.599872
0.538804
0.638752
0.807123
0.742668
0.578356
0.751244
0.871883
0.054445
0.986114
0.914548
0.974273
0.714682
0.870876
0.361309
0.238868
0.381329
0.663289
0.085269
0.327738
0.639027
0.397290
0.121891
0.222846
0.776788
0.001129
0.800043
0.096225
0.302377
0.379711
0.620533
0.299387
0.099216
0.568773
0.917905
0.003143
0.632099
0.743004
0.961547
0.518906
0.107730
0.358684
0.652608
0.833094
0.997131
0.212439
0.472945
0.385479
0.825037
0.697134
0.842067
0.623157
0.633656
0.036409
0.538621
0.360881
0.026002
0.779015
0.342784
0.479507
0.196020
0.333964
0.555223
0.993469
0.850887
0.828242
0.549577
0.018586
0.432417
0.067598
0.014222
0.671926
0.543474
0.882748
0.039888
0.433729
0.985687
0.640797
0.709037
0.004425
0.314585
0.204718
0.343547
0.186346
0.319041
0.120762
0.066927
0.822413
0.330210
0.315867
0.837123
0.322520
0.767083
0.086062
0.606189
0.809381
0.824763
0.657277
0.763482
0.414289
0.711234
0.099246
0.517991
0.754997
0.339457
0.874844
0.376446
0.126102
0.880764
0.804621
0.373547
0.433882
0.085574
0.729331
0.210120
0.406262
0.778497
0.650594
0.956114
0.109592
0.432752
0.631458
0.473678
0.303262
0.231605
0.237800
0.217994
0.663442
0.522111
0.802240
0.570635
0.407208
0.067415
0.291391
0.362682
0.348430
0.004730
0.057924
0.743522
0.916288
0.914090
0.258766
0.051637
0.168187
0.904904
0.220313
0.843440
0.328043
0.126469
0.532395
0.736625
0.880917
0.608325
0.151830
0.224433
0.755943
0.836970
0.297220
0.116520
0.628163
0.975402
0.415723
0.763268
0.870693
0.131108
0.003540
0.719474
0.188788
0.579577
0.561174
0.003693
0.466597
0.348552
0.464522
0.609821
0.858028
0.070589
0.033479
0.426252
0.653096
0.508744
0.578906
0.220252
0.951079
0.662801
0.709311
0.842524
0.671072
0.861660
0.678671
0.308786
0.932279
0.748344
0.056581
0.914853
0.334239
0.563707
0.501663
0.040712
0.168920
0.635487
0.919980
0.800806
0.095676
0.478408
0.789300
0.195746
0.310190
0.412030
0.930815
0.922788
0.739097
0.102298
0.509140
0.500046
0.290963
0.933378
0.542314
0.862392
0.695334
0.615528
0.702658
0.083132
0.960845
0.935911
0.689871
0.380108
0.983703
0.057772
0.957823
0.060091
0.337901
0.275307
0.075930
0.559832
0.778375
0.629078
0.506699
0.238441
0.487930
0.289804
0.080386
0.078280
0.599994
0.115390
0.948332
0.950255
0.027833
0.288400
0.295694
0.599658
0.131718
0.439619
0.596026
0.009186
0.255043
0.164312
0.686941
0.295053
0.661031
0.337260
0.450362
0.792505
0.901059
0.133000
0.376995
0.487106
0.145787
0.157201
0.796747
0.448042
0.510544
0.595752
0.056795
0.419477
0.905881
0.787561
0.427931
0.226386
0.445143
0.127598
0.020478
0.151311
0.939512
0.706290
0.491775
0.937742
0.512467
0.591052
0.825373
0.576922
0.864589
0.157262
0.963988
0.534043
0.219916
0.373943
0.577288
0.570177
0.485275
0.450789
0.745598
0.816065
0.653706
0.752953
0.840754
0.254128
0.983245
0.389477
0.385723
0.265206
0.982543
0.381878
0.173894
0.395489
0.734123
0.819086
0.429273
0.000855
0.586840
0.904843
0.288980
0.924192
0.748924
0.304147
0.389477
0.862178
0.812372
0.694601
0.837245
0.577837
0.740440
0.928983
0.345622
0.615131
0.349254
0.715812
0.819117
0.671438
0.814722
0.223212
0.165716
0.284738
0.236000
0.513352
0.619526
0.991668
0.787286
0.212775
0.354076
0.611896
0.488144
0.325632
0.667928
0.816584
0.124760
0.595569
0.524033
0.635456
0.352397
0.322733
0.723472
0.060152
0.511124
0.042207
0.495590
0.399274
0.185400
0.969878
0.785180
0.541673
0.039186
0.621998
0.018128
0.784295
0.957732
0.515458
0.627125
0.380444
0.026978
0.353496
0.117924
0.465438
0.382702
0.604663
0.958495
0.515122
0.459181
0.880367
0.070925
0.993835
0.670400
0.017426
0.208899
0.348399
0.053438
0.272225
0.000397
0.003662
0.906491
0.531968
0.938383
0.516526
0.951903
0.950377
0.099460
0.544298
0.056124
0.912839
0.872677
0.783776
0.037477
0.738517
0.478957
0.537309
0.592975
0.024384
0.563280
0.061983
0.875515
0.038667
0.639882
0.358440
0.752922
0.068972
0.672658
0.555132
0.279733
0.131870
0.571215
0.544755
0.413129
0.950255
0.884457
0.028809
0.504196
0.603992
0.472488
0.626606
0.595965
0.761406
0.438490
0.204840
0.059236
0.896420
0.101413
0.084567
0.597736
0.398541
0.291086
0.280709
0.153203
0.981903
0.746727
0.431684
0.742790
0.298868
0.900174
0.574175
0.758660
0.165441
0.825495
0.420270
0.762261
0.304025
0.635334
0.292673
0.303781
0.009919
0.106143
0.374157
0.798151
0.648335
0.813105
0.428083
0.989013
0.386975
0.555925
0.645558
0.031983
0.072085
0.357067
0.776055
0.728141
0.652638
0.813532
0.197150
0.939055
0.059908
0.083071
0.080508
0.714988
0.948332
0.286874
0.309153
0.166967
0.203894
0.609241
0.303446
0.614582
0.626453
0.875729
0.411298
0.039827
0.692007
0.891293
0.019135
0.379711
0.801324
0.319224
0.039857
0.687033
0.921262
0.382550
0.933927
0.692312
0.024781
0.168706
0.919828
0.797082
0.236122
0.819269
0.530534
0.029847
0.087191
0.385357
0.171606
0.996704
0.791711
0.630665
0.837764
0.356700
0.943022
0.562700
0.643513
0.854579
0.542070
0.974059
0.324961
0.440596
0.761711
0.774407
0.368328
0.510300
0.353496
0.395062
0.921628
0.794031
0.103458
0.046876
0.145756
0.928404
0.242805
0.112888
0.161687
0.240638
0.220008
0.457076
0.249092
0.777001
0.740593
0.930265
0.453444
0.106601
0.480392
0.854823
0.257546
0.931974
0.379467
0.768670
0.473708
0.037141
0.921751
0.210730
0.013001
0.605640
0.307566
0.828516
0.687582
0.437819
0.925077
0.588946
0.702384
0.100833
0.026460
0.374401
0.992889
0.540910
0.015961
0.744469
0.064302
0.189795
0.254799
0.145024
0.489639
0.096957
0.790613
0.346049
0.721427
0.117985
0.916379
0.388653
0.374828
0.691122
0.966247
0.823847
0.637287
0.232978
0.253395
0.522965
0.961608
0.684469
0.557176
0.841975
0.698355
0.238502
0.064913
0.420362
0.824061
0.780541
0.175481
0.396191
0.421216
0.073244
0.070040
0.318217
0.066713
0.216681
0.456862
0.536668
0.784448
0.414838
0.396130
0.353832
0.718955
0.580462
0.611225
0.715476
0.185644
0.808649
0.192206
0.724723
0.254616
0.251015
0.098666
0.759331
0.523545
0.421705
0.367199
0.473739
0.236579
0.465651
0.430280
0.467238
0.405042
0.421735
0.453108
0.899258
0.086245
0.010926
0.093661
0.833186
0.477096
0.981017
0.593463
0.590197
0.978027
0.539415
0.604053
0.893735
0.883999
0.905087
0.656545
0.086398
0.858913
0.510819
0.679769
0.200659
0.849117
0.886990
0.473556
0.163640
0.593005
0.758568
0.543290
0.918760
0.382183
0.385876
0.202063
0.743828
0.231117
0.681112
0.346812
0.548296
0.111148
0.131108
0.814234
0.430006
0.405194
0.058412
0.723258
0.272835
0.239357
0.251106
0.710013
0.666860
0.847896
0.493301
0.461745
0.931822
0.627430
0.027161
0.455519
0.525529
0.037080
0.477859
0.308664
0.618152
0.000366
0.272530
0.646321
0.113895
0.965484
0.084872
0.893307
0.901059
0.279641
0.336161
0.895627
0.611835
0.034944
0.284249
0.778680
0.673452
0.040132
0.731712
0.947691
0.931181
0.076357
0.884365
0.637257
0.624958
0.092166
0.391369
0.915952
0.000977
0.493912
0.098453
0.551866
0.339152
0.188604
0.544908
0.646443
0.677755
0.534593
0.736198
0.441328
0.016633
0.856868
0.223334
0.206030
0.280404
0.682913
0.019868
0.611347
0.822352
0.355846
0.388165
0.495712
0.750664
0.180303
0.025971
0.430189
0.858394
0.758202
0.684896
0.988769
0.437941
0.669759
0.751457
0.129582
0.761681
0.157018
0.822321
0.594256
0.509781
0.965178
0.805200
0.730461
0.926603
0.998260
0.576098
0.645131
0.986785
0.946043
0.724540
0.093600
0.352519
0.537370
0.417951
0.011567
0.402905
0.576952
0.916471
0.095676
0.116764
0.421644
0.769311
0.339335
0.090518
0.052156
0.224128
0.929807
0.471908
0.397137
0.880428
0.412885
0.090701
0.064974
0.118290
0.531388
0.568621
0.140599
0.334117
0.643818
0.688223
0.202429
0.513688
0.129032
0.803369
0.216712
0.174810
0.684042
0.571764
0.464797
0.210334
0.920103
0.790979
0.159917
0.662435
0.164159
0.619190
0.909970
0.960173
0.871639
0.962249
0.681600
0.651112
0.556658
0.307535
0.423231
0.158177
0.646168
0.786767
0.001984
0.593341
0.164220
0.748253
0.611621
0.159032
0.652425
0.620411
0.307291
0.168828
0.233039
0.347331
0.823542
0.218421
0.221046
0.178076
0.331706
0.538316
0.191015
0.090518
0.293161
0.059358
0.905576
0.631397
0.064394
0.222480
0.011170
0.453444
0.410230
0.063723
0.908048
0.331217
0.581622
0.606006
0.699789
0.936644
0.114200
0.088626
0.629810
0.155400
0.003601
0.066225
0.909818
0.225929
0.414167
0.907773
0.347423
0.481521
0.576830
0.727317
0.678976
0.977508
0.033113
0.277841
0.013276
0.784295
0.880764
0.838984
0.293283
0.227882
0.177557
0.630146
0.181463
0.858516
0.160009
0.780511
0.275185
0.429426
0.432142
0.386639
0.058535
0.666494
0.781579
0.689505
0.496780
0.110172
0.778954
0.901608
0.679373
0.810877
0.816492
0.715995
0.418287
0.159154
0.742332
0.027985
0.207709
0.632130
0.747063
0.901242
0.451094
0.736595
0.658162
0.308817
0.362255
0.931394
0.298990
0.681570
0.446303
0.808893
0.068575
0.793573
0.967223
0.317911
0.398206
0.017396
0.307749
0.308847
0.241371
0.479537
0.628224
0.181982
0.252998
0.147160
0.730491
0.921018
0.814600
0.378368
0.533036
0.292306
0.561083
0.966094
0.063936
0.491531
0.566088
0.207434
0.377361
0.018799
0.841548
0.030091
0.300272
0.063509
0.307932
0.706107
0.415571
0.180273
0.891873
0.184973
0.187597
0.537095
0.906156
0.577319
0.636647
0.517045
0.370098
0.819910
0.468368
0.954680
0.425001
0.053835
0.064699
0.788537
0.501755
0.746666
0.242409
0.410901
0.396710
0.089877
0.185034
0.496048
0.911893
0.703391
0.455550
0.588122
0.215918
0.177282
0.494736
0.230354
0.582110
0.483444
0.512650
0.916257
0.659291
0.787011
0.178503
0.644368
0.932646
0.689566
0.015931
0.357982
0.529801
0.435530
0.909452
0.050722
0.029267
0.112400
0.628376
0.819208
0.426649
0.376385
0.774865
0.644612
0.915616
0.734794
0.061769
0.183721
0.639485
0.916318
0.327006
0.351207
0.069765
0.360363
0.190283
0.973846
0.167974
0.356883
0.758934
0.298563
0.986724
0.867672
0.288522
0.635182
0.866604
0.560778
0.205115
0.915067
0.885128
0.088900
0.394879
0.447096
0.713767
0.143284
0.167486
0.652211
0.539445
0.314035
0.799860
0.057588
0.206702
0.288644
0.065920
0.332163
0.236946
0.419446
0.659261
0.643757
0.880795
0.191473
0.914274
0.120518
0.859798
0.622059
0.732627
0.696646
0.954161
0.123173
0.120975
0.123966
0.091952
0.858119
0.246315
0.431562
0.097140
0.123295
0.414960
0.612842
0.751427
0.787103
0.881924
0.823298
0.327067
0.316050
0.896329
0.868740
0.246956
0.420728
0.889553
0.266060
0.027375
0.851650
0.212195
0.657399
0.160466
0.376812
0.326029
0.858974
0.092471
0.472579
0.857448
0.326182
0.953795
0.758080
0.418256
0.315806
0.197211
0.705344
0.600543
0.526749
0.800806
0.656148
0.051424
0.500504
0.191229
0.676504
0.034272
0.562761
0.544389
0.280465
0.382366
0.587146
0.618763
0.554338
0.251534
0.362529
0.778680
0.712272
0.577807
0.845119
0.362957
0.615101
0.646199
0.076571
0.055788
0.283212
0.677572
0.049318
0.415509
0.934568
0.838740
0.300455
0.218055
0.579608
0.583026
0.515366
0.771142
0.704215
0.727073
0.922330
0.855068
0.071169
0.170171
0.759545
0.447188
0.172887
0.662496
0.595508
0.885525
0.364940
0.528184
0.784204
0.628101
0.213080
0.750206
0.836360
0.264412
0.084140
0.322306
0.987823
0.934935
0.512345
0.275246
0.746696
0.815088
0.372234
0.282571
0.700064
0.819971
0.389630
0.253273
0.361675
0.186071
0.021607
0.816736
0.342082
0.086123
0.236854
0.106357
0.622242
0.933409
0.227699
0.748711
0.211646
0.531693
0.585162
0.463607
0.972930
0.727378
0.967834
0.181860
0.893216
0.719596
0.796411
0.087100
0.584460
0.684774
0.004913
0.487289
0.293161
0.872097
0.379528
0.922758
0.201392
0.825739
0.516770
0.416944
0.299905
0.890347
0.932005
0.275796
0.614826
0.655965
0.349620
0.342204
0.069094
0.498795
0.706168
0.111850
0.760002
0.873653
0.897305
0.616840
0.933775
0.514817
0.800653
0.482620
0.438978
0.201422
0.604907
0.065523
0.939451
0.243233
0.976897
0.076510
0.668294
0.343638
0.097903
0.597095
0.004303
0.995788
0.100375
0.894711
0.651631
0.068087
0.936033
0.942656
0.704459
0.735710
0.207160
0.051668
0.377483
0.413373
0.992004
0.519028
0.683920
0.847285
0.195227
0.701193
0.841762
0.020569
0.455611
0.417005
0.689901
0.030274
0.140904
0.086886
0.895444
0.590594
0.462569
0.514634
0.232887
0.319681
0.240272
0.718192
0.717307
0.465987
0.348460
0.715384
0.871853
0.229957
0.375561
0.671010
0.911588
0.338084
0.527543
0.311563
0.124363
0.024751
0.306589
0.013642
0.230506
0.078982
0.996734
0.472610
0.001831
0.111454
0.487106
0.357433
0.922117
0.698721
0.464492
0.858272
0.169469
0.560564
0.506241
0.532609
0.702689
0.426954
0.104770
0.356883
0.731712
0.750389
0.154973
0.388989
0.354717
0.920438
0.935850
0.948790
0.642140
0.136448
0.117344
0.721976
0.949309
0.594714
0.824244
0.694479
0.738762
0.146123
0.287149
0.322977
0.693869
0.081271
0.113681
0.847957
0.404187
0.198126
0.709067
0.155614
0.404920
0.809687
0.879025
0.094943
0.850673
0.847011
0.145177
0.656117
0.605579
0.714408
0.804987
0.916288
0.030366
0.052675
0.266488
0.159368
0.248299
0.066927
0.690298
0.076022
0.170476
0.575030
0.469100
0.449599
0.062532
0.432936
0.576403
0.234931
0.933348
0.493423
0.315775
0.436079
0.527329
0.754082
0.501511
0.688650
0.201636
0.851131
0.602374
0.954070
0.469069
0.555193
0.879421
0.230873
0.488571
0.425031
0.049104
0.690420
0.284036
0.276254
0.503372
0.141911
0.972991
0.620045
0.617115
0.234565
0.786157
0.729484
0.175176
0.301706
0.159490
0.488601
0.449690
0.254128
0.679586
0.681234
0.958861
0.428236
0.163732
0.875332
0.438856
0.795740
0.656423
0.559221
0.059694
0.440718
0.622456
0.686422
0.416669
0.710837
0.119266
0.284371
0.328166
0.948088
0.228553
0.284341
0.971709
0.206488
0.529069
0.227943
0.388745
0.861965
0.891568
0.007172
0.890316
0.521134
0.377544
0.293588
0.393841
0.135228
0.522416
0.813349
0.223212
0.725333
0.785028
0.124241
0.402783
0.625141
0.443953
0.050905
0.976836
0.647603
0.722983
0.434370
0.385632
0.081637
0.425733
0.352367
0.429548
0.925169
0.861782
0.466750
0.852138
0.260659
0.344554
0.653951
0.073428
0.179724
0.043275
0.574786
0.105533
0.162450
0.469314
0.340281
0.180334
0.318308
0.378552
0.929228
0.121769
0.394696
0.371288
0.513901
0.993469
0.959014
0.970397
0.350444
0.052919
0.661031
0.459304
0.389782
0.543718
0.981658
0.261116
0.265419
0.356548
0.374065
0.139836
0.814814
0.091128
0.203772
0.005219
0.789666
0.549333
0.393902
0.602283
0.912412
0.191321
0.181371
0.866970
0.934324
0.586047
0.891293
0.228919
0.851985
0.386792
0.134495
0.643025
0.938200
0.863582
0.335856
0.630268
0.743522
0.523362
0.998260
0.110141
0.724815
0.849605
0.609607
0.305032
0.657063
0.691702
0.598468
0.497971
0.484420
0.336711
0.244881
0.925535
0.767296
0.793542
0.952452
0.586444
0.380993
0.321268
0.787957
0.247597
0.623005
0.733207
0.694906
0.428571
0.384320
0.507187
0.287088
0.645894
0.541734
0.233985
0.628559
0.698202
0.226966
0.434950
0.906003
0.273934
0.129124
0.279641
0.400067
0.662404
0.486435
0.235542
0.661916
0.849452
0.923704
0.180517
0.300699
0.779412
0.791986
0.009278
0.289071
0.064241
0.166082
0.265358
0.192145
0.921140
0.156865
0.829768
0.226875
0.619709
0.693869
0.197333
0.557390
0.220771
0.435255
0.372662
0.733238
0.886654
0.960845
0.915769
0.676290
0.545610
0.904355
0.169897
0.122776
0.190619
0.181707
0.202216
0.926603
0.594562
0.971221
0.488266
0.130222
0.722129
0.601642
0.872219
0.209540
0.620838
0.005097
0.833461
0.398602
0.071505
0.890591
0.591388
0.500778
0.779717
0.294259
0.078982
0.092532
0.389508
0.663106
0.317087
0.525986
0.100955
0.128025
0.220099
0.636555
0.172033
0.122623
0.364666
0.561815
0.086764
0.003876
0.752586
0.578295
0.670614
0.831202
0.098849
0.361583
0.934263
0.959563
0.676778
0.576952
0.927335
0.603839
0.250343
0.206061
0.383038
0.029756
0.126438
0.516373
0.435102
0.528184
0.856960
0.079287
0.188086
0.828669
0.622700
0.743461
0.422803
0.108982
0.830256
0.969329
0.217292
0.256508
0.952879
0.431349
0.765496
0.537645
0.146794
0.293985
0.174078
0.331950
0.674367
0.067782
0.519395
