80
1
1
1
1
1
1
1
1
1
1
1
1
1
1
1
1
1
1
1
1
1
1
1
1
1
1
1
1
1
1
1
1
1
1
1
1
1
1
1
1
1
1
1
1
1
1
1
1
1
1
1
1
1
1
1
1
1
1
1
1
1
1
1
1
1
1
1
1
1
1
1
1
1
1
1
1
1
1
1
1
40
82
44
17
68
27
9
31
70
15
15
31
21
31
56
35
34
43
90
26
1
55
28
48
6
58
31
24
11
92
90
39
53
81
54
38
58
76
13
24
75
0.195105
0.450728
0.001434
0.849300
0.947935
0.799127
0.082980
0.382733
0.538774
0.876949
0.027161
0.831690
0.904019
0.975005
0.161290
0.115116
0.084017
0.080203
0.700797
0.558031
0.690420
0.098514
0.205847
0.146184
0.266060
0.399701
0.071352
0.681906
0.943999
0.466140
0.706198
0.870602
0.311136
0.926084
0.558214
0.871181
0.883755
0.752892
0.641255
0.339793
0.099948
0.911802
0.720389
0.499466
0.236641
0.234901
0.811396
0.266060
0.155919
0.806207
0.151219
0.962401
0.288308
0.637257
0.295328
0.651295
0.758385
0.915677
0.498001
0.619160
0.058962
0.606494
0.032380
0.041017
0.180975
0.688864
0.606220
0.358776
0.604022
0.808313
0.529313
0.403241
0.054903
0.626698
0.789422
0.791711
0.439955
0.650258
0.692404
0.632313
0.857234
0.817743
0.223395
0.066012
0.095126
0.629353
0.784539
0.677938
0.523942
0.098117
0.466079
0.308939
0.785546
0.304727
0.507157
0.298959
0.188635
0.836940
0.101779
0.693228
0.215461
0.895352
0.207343
0.442457
0.045473
0.346141
0.510880
0.128605
0.503525
0.502548
0.209906
0.247353
0.337565
0.915922
0.764244
0.578112
0.233192
0.957854
0.274270
0.673635
0.470260
0.474715
0.642903
0.999573
0.628773
0.295480
0.176580
0.756035
0.249428
0.874508
0.782464
0.911863
0.856014
0.850154
0.416822
0.483047
0.244728
0.800806
0.942656
0.586566
0.448042
0.979522
0.050661
0.300851
0.277902
0.307962
0.401898
0.864162
0.856044
0.412061
0.646657
0.242103
0.036042
0.979247
0.476913
0.595508
0.125034
0.219642
0.368145
0.679983
0.809870
0.711936
0.166967
0.708274
0.694845
0.415143
0.180425
0.706931
0.357036
0.127689
0.923826
0.898251
0.325510
0.175115
0.182684
0.138768
0.890408
0.607440
0.545824
0.945891
0.148442
0.687551
0.064974
0.143406
0.191260
0.951781
0.197821
0.657643
0.842036
0.624317
0.690451
0.494919
0.847743
0.665914
0.555467
0.432295
0.932401
0.239021
0.802149
0.452223
0.617969
0.869991
0.074740
0.452559
0.219214
0.089663
0.855251
0.263283
0.918424
0.834132
0.386700
0.501267
0.326548
0.386090
0.973876
0.293802
0.437117
0.138676
0.816706
0.402936
0.378582
0.962859
0.033357
0.781152
0.872097
0.459304
0.029176
0.090060
0.800378
0.876766
0.867183
0.213324
0.794397
0.977172
0.797082
0.294687
0.243629
0.629597
0.598834
0.332896
0.636647
0.414014
0.896420
0.864559
0.637654
0.015748
0.099124
0.765801
0.806146
0.692557
0.125706
0.704733
0.364849
0.594867
0.568072
0.275277
0.923185
0.221259
0.450697
0.343944
0.561724
0.789483
0.241920
0.640889
0.184393
0.804926
0.273659
0.126011
0.544572
0.607715
0.225227
0.162236
0.850978
0.179418
0.828150
0.026154
0.360271
0.990905
0.447829
0.788110
0.861965
0.172185
0.698386
0.092532
0.462142
0.786279
0.746940
0.870113
0.572558
0.487228
0.463759
0.512528
0.510605
0.344615
0.074129
0.541734
0.617328
0.115207
0.468581
0.304239
0.298929
0.742943
0.827479
0.722312
0.898587
0.368816
0.716361
0.632893
0.804285
0.632008
0.308298
0.745811
0.699637
0.542711
0.889431
0.752159
0.363170
0.709159
0.303598
0.614704
0.923002
0.198798
0.493484
0.570666
0.972472
0.815912
0.792810
0.879086
0.453749
0.076296
0.127232
0.843287
0.715079
0.660573
0.779809
0.140263
0.647877
0.627033
0.876675
0.987701
0.310709
0.165899
0.250160
0.180090
0.945341
0.175451
0.834834
0.525651
0.791772
0.441908
0.252998
0.714408
0.608539
0.703909
0.746147
0.149419
0.303995
0.383221
0.108036
0.772240
0.585589
0.262612
0.776208
0.413282
0.032380
0.892087
0.737754
0.699606
0.498489
0.005066
0.406049
0.049776
0.251869
0.725700
0.124180
0.788537
0.756523
0.848018
0.451827
0.911283
0.503067
0.969115
0.891232
0.530778
0.794458
0.756676
0.209265
0.536210
0.893185
0.132756
0.011383
0.496872
0.435835
0.654866
0.723380
0.340678
0.521744
0.875210
0.638081
0.839991
0.381329
0.960204
0.182623
0.434675
0.031312
0.350627
0.062502
0.424848
0.821955
0.744224
0.438917
0.063570
0.283425
0.181646
0.795679
0.581622
0.177282
0.517533
0.651723
0.674642
0.159124
0.056978
0.775506
0.484848
0.958953
0.640034
0.057833
0.608142
0.485061
0.953978
0.698843
0.157323
0.758629
0.355937
0.865902
0.414045
0.083895
0.986297
0.478408
0.099033
0.361583
0.454146
0.275826
0.793390
0.950499
0.876705
0.825037
0.541063
0.984832
0.553117
0.623463
0.164464
0.552355
0.054537
0.954375
0.324351
0.640400
0.011292
0.649953
0.854549
0.255593
0.378582
0.419233
0.403912
0.623676
0.462111
0.896481
0.915952
0.875698
0.484481
0.066500
0.977447
0.126621
0.974151
0.223548
0.567705
0.353160
0.757561
0.119114
0.239357
0.976104
0.836360
0.455824
0.261910
0.554521
0.930387
0.383160
0.759728
0.497147
0.968169
0.151341
0.375072
0.197882
0.305551
0.579852
0.488113
0.501236
0.954680
0.496292
0.524522
0.903958
0.603259
0.802637
0.382458
0.399579
0.706778
0.324351
0.509842
0.371532
0.433851
0.099124
0.663137
0.441389
0.746330
0.261361
0.879299
0.678549
0.395672
0.178320
0.691610
0.077212
0.116276
0.994903
0.121158
0.707694
0.797662
0.242378
0.474654
0.447157
0.915952
0.668508
0.480300
0.697287
0.006897
0.943846
0.792932
0.994140
0.460921
0.401654
0.399304
0.916990
0.421461
0.467483
0.955168
0.202216
0.068484
0.933927
0.585162
0.468612
0.067843
0.737632
0.176885
0.459975
0.467696
0.394665
0.700491
0.211951
0.823847
0.749931
0.584460
0.048585
0.834437
0.197577
0.679983
0.815485
0.265999
0.028413
0.843837
0.255257
0.451643
0.060213
0.671926
0.932157
0.142491
0.207770
0.414563
0.611408
0.994537
0.148442
0.604419
0.500198
0.470595
0.739982
0.428724
0.256050
0.440596
0.346049
0.376904
0.168981
0.259346
0.726707
0.194769
0.423994
0.604938
0.649190
0.676595
0.849635
0.857387
0.876064
0.326426
0.059175
0.300272
0.686087
0.419721
0.390881
0.925382
0.584887
0.496628
0.552934
0.122227
0.361339
0.818171
0.379986
0.033845
0.145573
0.816492
0.607227
0.859401
0.625660
0.070650
0.068239
0.885739
0.078188
0.839015
0.222999
0.528428
0.370220
0.679312
0.422010
0.164068
0.587512
0.188208
0.813410
0.034425
0.446394
0.391003
0.298349
0.004669
0.144993
0.812983
0.442122
0.455855
0.810083
0.763756
0.745903
0.093753
0.195898
0.865780
0.186621
0.954863
0.791345
0.358104
0.430525
0.390667
0.991272
0.206854
0.626514
0.312265
0.488907
0.553636
0.186224
0.475356
0.544877
0.533006
0.456587
0.087924
0.289712
0.990326
0.690939
0.521256
0.715506
0.131352
0.225471
0.405774
0.513504
0.634754
0.267129
0.892819
0.413648
0.258492
0.198614
0.363903
0.182195
0.471938
0.807794
0.368175
0.933866
0.144292
0.346660
0.069887
0.914609
0.821314
0.827113
0.986847
0.411512
0.620746
0.458785
0.300851
0.945769
0.278390
0.636219
0.522263
0.405011
0.375896
0.380810
0.788598
0.271645
0.281075
0.644124
0.579669
0.602771
0.832850
0.378796
0.129765
0.918638
0.301065
0.783319
0.318491
0.655263
0.653523
0.626942
0.321146
0.337992
0.660298
0.060640
0.800287
0.131932
0.867733
0.821131
0.919584
0.925504
0.972350
0.233100
0.961058
0.603442
0.626881
0.917173
0.827265
0.665792
0.208777
0.608570
0.209235
0.848506
0.583087
0.993957
0.701956
0.902249
0.390637
0.971618
0.648152
0.185980
0.892941
0.241890
0.992035
0.231025
0.904843
0.634236
0.923765
0.932035
0.846431
0.076113
0.596637
0.521134
0.445418
0.611713
0.697256
0.981933
0.120914
0.374767
0.150884
0.058504
0.580248
0.923429
0.742729
0.517228
0.659963
0.842250
0.936125
0.815851
0.942137
0.018372
0.669851
0.837825
0.177282
0.497543
0.414777
0.846919
0.045351
0.326365
0.271584
0.318827
0.285653
0.287515
0.390881
0.806238
0.727195
0.933439
0.496719
0.492843
0.250801
0.825221
0.794946
0.593616
0.214057
0.382824
0.047517
0.256691
0.370312
0.252968
0.094211
0.123569
0.813135
0.600696
0.602619
0.203742
0.977508
0.230964
0.327982
0.219977
0.228645
0.946928
0.664327
0.080721
0.070376
0.050233
0.767418
0.635487
0.503433
0.390881
0.031556
0.369854
0.565630
0.871242
0.200995
0.196112
0.585070
0.812250
0.897397
0.995911
0.177252
0.086764
0.844539
0.070833
0.517594
0.426740
0.571673
0.158055
0.920774
0.810602
0.876400
0.165990
0.257698
0.336894
0.828761
0.287240
0.241920
0.490555
0.597583
0.644887
0.116153
0.207923
0.880184
0.127842
0.770714
0.646901
0.216987
0.572344
0.824427
0.068361
0.972198
0.944975
0.700217
0.735466
0.261452
0.684194
0.225684
0.236061
0.608509
0.856288
0.790551
0.136082
0.611011
0.281808
0.591662
0.368664
0.397961
0.289254
0.997742
0.265908
0.158940
0.251656
0.563738
0.639699
0.527177
0.562975
0.727622
0.817469
0.097049
0.209815
0.719413
0.039155
0.858119
0.595416
0.714805
0.122135
0.825739
0.771538
0.763848
0.799402
0.650868
0.735191
0.526505
0.638386
0.489151
0.945677
0.346080
0.945799
0.911252
0.718802
0.691549
0.565020
0.135380
0.654317
0.500626
0.972625
0.363414
0.752647
0.454146
0.579485
0.501633
0.377361
0.713675
0.643788
0.047609
0.719901
0.152898
0.701163
0.424329
0.921964
0.614673
0.918760
0.542772
0.512742
0.224647
0.279580
0.874325
0.316904
0.292673
0.003021
0.814142
0.489242
0.833461
0.107822
0.616932
0.832606
0.237648
0.524216
0.686026
0.055422
0.124424
0.660726
0.497330
0.125034
0.907071
0.832698
0.939390
0.372417
0.102634
0.458113
0.350444
0.505783
0.917173
0.427351
0.034425
0.188238
0.137120
0.553148
0.536271
0.336283
0.859401
0.506485
0.458480
0.795129
0.089663
0.145634
0.099979
0.547441
0.741844
0.643483
0.698386
0.111301
0.068728
0.320231
0.557085
0.284097
0.055666
0.587573
0.838313
0.888180
0.808435
0.909848
0.303537
0.674703
0.466414
0.189764
0.782373
0.042238
0.672414
0.483688
0.651082
0.725700
0.130467
0.453505
0.102298
0.112308
0.282693
0.460829
0.487075
0.341105
0.636525
0.710440
0.510086
0.841365
0.773675
0.348308
0.559984
0.467116
0.571856
0.921354
0.955626
0.883572
0.670919
0.104434
0.389355
0.361522
0.713889
0.101657
0.349315
0.636464
0.395184
0.627155
0.800989
0.988311
0.846431
0.872585
0.909940
0.197882
0.391308
0.367199
0.087069
0.537095
0.201178
0.136540
0.136998
0.448012
0.882015
0.066439
0.791498
0.067904
0.524247
0.878201
0.408673
0.256355
0.246925
0.621296
0.119816
0.280374
0.767235
0.090091
0.204260
0.813959
0.026399
0.070650
0.974517
0.408521
0.403943
0.823603
0.951933
0.090152
0.550523
0.709647
0.615070
0.240150
0.371685
0.364391
0.501297
0.414869
0.192877
0.327464
0.943266
0.261483
0.637654
0.533586
0.221259
0.185492
0.249611
0.570940
0.413160
0.926633
0.390332
0.113315
0.722465
0.698965
0.443251
0.432661
0.566424
0.052034
0.856014
0.397534
0.205054
0.108707
0.051576
0.864467
0.192358
0.336222
0.740013
0.867855
0.431288
0.506882
0.661580
0.515366
0.113102
0.004181
0.293191
0.994232
0.323222
0.131169
0.548418
0.595233
0.593829
0.576861
0.003418
0.160802
0.185400
0.696982
0.679220
0.862819
0.377789
0.765801
0.911863
0.716819
0.552416
0.854396
0.341990
0.739067
0.346599
0.492599
0.554430
0.152043
0.661611
0.770165
0.399701
0.545457
0.805292
0.033509
0.528214
0.397992
0.550798
0.834864
0.168889
0.867336
0.392560
0.288949
0.682882
0.253334
0.780847
0.494827
0.923948
0.041963
0.615864
0.177923
0.937010
0.934935
0.783288
0.209235
0.025513
0.772179
0.011567
0.157720
0.719565
0.753410
0.833155
0.532090
0.675039
0.864254
0.930174
0.868343
0.036348
0.914151
0.646382
0.319224
0.293008
0.091464
0.946318
0.902036
0.161351
0.442915
0.602741
0.060488
0.523392
0.182348
0.894192
0.697897
0.953124
0.236671
0.593249
0.336619
0.862239
0.933805
0.527390
0.561327
0.796136
0.239479
0.492996
0.401318
0.911679
0.449538
0.804346
0.808649
0.167425
0.743065
0.258675
0.888272
0.258827
0.503372
0.798303
0.036409
0.827815
0.812769
0.651357
0.643269
0.979766
0.027314
0.232459
0.516343
0.638173
0.838221
0.584094
0.681112
0.768273
0.725150
0.640370
0.714438
0.001221
0.209204
0.094516
0.267708
0.689901
0.810389
0.150761
0.935728
0.927610
0.116459
0.942595
0.127171
0.560778
0.869808
0.897946
0.093783
0.727348
0.477371
0.833216
0.773644
0.951537
0.851588
0.056795
0.605243
0.326456
0.986755
0.263894
0.968535
0.816248
0.178655
0.503128
0.409253
0.208106
0.292673
0.997375
0.302469
0.746361
0.987030
0.098575
0.112156
0.979156
0.297311
0.159307
0.902402
0.849452
0.488845
0.601001
0.256935
0.561449
0.582537
0.961028
0.263375
0.253334
0.460982
0.199469
0.717704
0.008393
0.960936
0.046907
0.205969
0.234870
0.858119
0.674520
0.219275
0.946348
0.151280
0.467391
0.958007
0.973815
0.551012
0.183203
0.981780
0.640675
0.579760
0.276315
0.361614
0.931791
0.189886
0.669454
0.490005
0.687735
0.305246
0.753807
0.205512
0.856227
0.192724
0.898984
0.388165
0.330790
0.070467
0.253761
0.681753
0.409162
0.858425
0.119541
0.499252
0.401654
0.477676
0.676717
0.967864
0.421339
0.605121
0.346263
0.969573
0.887112
0.289224
0.567248
0.933866
0.770867
0.333537
0.271432
0.538377
0.120121
0.853755
0.836787
0.974334
0.887295
0.915250
0.800073
0.932371
0.596545
0.656575
0.111240
0.965484
0.880398
0.805841
0.209632
0.385144
0.416181
0.995697
0.703726
0.346965
0.294290
0.783410
0.935667
0.281838
0.349467
0.782495
0.212012
0.329234
0.486099
0.811609
0.981506
0.928617
0.528825
0.467544
0.741447
0.225318
0.629994
0.028108
0.953795
0.447127
0.764916
0.091433
0.752373
0.907926
0.346049
0.857845
0.722343
0.794214
0.488144
0.460433
0.532975
0.391491
0.954253
0.251106
0.705527
0.906186
0.315195
0.447371
0.296823
0.539293
0.353130
0.047182
0.780328
0.968627
0.240211
0.417371
0.905545
0.895260
0.524094
0.462294
0.817408
0.810724
0.451338
0.778680
0.216468
0.641224
0.659932
0.703116
0.841517
0.424909
0.772118
0.658345
0.055391
0.678823
0.918973
0.704825
0.816309
0.611347
0.727836
0.703177
0.814142
0.836665
0.803858
0.994659
0.054811
0.747490
0.236946
0.005249
0.673086
0.202124
0.165471
0.679983
0.254463
0.682516
0.927641
0.153081
0.449141
0.578661
0.832026
0.561632
0.157170
0.757012
0.078860
0.407025
0.068117
0.067598
0.862606
0.372265
0.834620
0.947417
0.187231
0.000214
0.662557
0.775353
0.426344
0.139561
0.598285
0.135533
0.157994
0.564470
0.294290
0.645283
0.306406
0.674490
0.534776
0.503159
0.121677
0.680776
0.302103
0.414869
0.028535
0.184637
0.665761
0.051454
0.875484
0.555345
0.274453
0.697714
0.615406
0.012513
0.733390
0.245674
0.949522
0.820338
0.647114
0.190497
0.965087
0.498795
0.610157
0.784478
0.298471
0.459456
0.925687
0.005127
0.855281
0.970580
0.334269
0.494644
0.617786
0.859004
0.533494
0.125645
0.572100
0.854640
0.769829
0.350566
0.285165
0.983459
0.284066
0.990326
0.163976
0.915891
0.891720
0.618671
0.927061
0.676351
0.478896
0.198645
0.320597
0.620441
0.696097
0.127079
0.609821
0.085971
0.629994
0.343547
0.876797
0.624073
0.735313
0.660115
0.656392
0.216346
0.807581
0.968078
0.941374
0.385266
0.278146
0.477737
0.087558
0.602710
0.612842
0.647755
0.651143
0.903836
0.095035
0.960204
0.688406
0.112461
0.775414
0.197455
0.549852
0.583850
0.868129
0.377514
0.699698
0.871120
0.376202
0.003449
0.591876
0.222144
0.226356
0.783990
0.134220
0.312632
0.694937
0.480483
0.771386
0.121555
0.405927
0.037721
0.718406
0.355724
0.682821
0.653737
0.375988
0.329173
0.535051
0.945341
0.458449
0.704184
0.060274
0.865902
0.865963
0.999603
0.544420
0.531114
0.831996
0.272988
0.039552
0.609210
0.377789
0.883267
0.702261
0.431928
0.604266
0.738945
0.672353
0.482467
0.853389
0.939726
0.774407
0.416578
0.269723
0.216376
0.822443
0.273110
0.793817
0.075930
0.809564
0.030305
0.118290
0.058138
0.763512
0.164129
0.638264
0.009522
0.549486
0.364483
0.926908
0.781243
0.401593
0.066256
0.767937
0.257027
0.463973
0.950896
0.275765
0.117557
0.122868
0.074831
0.134922
0.247200
0.411176
0.781487
0.489853
0.189825
0.266305
0.052004
0.516221
0.559435
0.922788
0.452773
0.205298
0.812311
0.221198
0.333659
0.392468
0.286752
0.113956
0.435499
0.560869
0.916532
0.149998
0.561388
0.452010
0.524369
0.218787
0.469008
0.014161
0.102054
0.335826
0.639699
0.719749
0.982788
0.750145
0.080874
0.783288
0.312449
0.155248
0.817896
0.310984
0.726157
0.285104
0.231452
0.913083
0.635853
0.675832
0.897183
0.810419
0.035615
0.874935
0.083254
0.966521
0.230842
0.878811
0.562639
0.275979
0.397412
0.080233
0.895749
0.341227
0.377239
0.506790
0.840358
0.867855
0.616352
0.631367
0.044588
0.210852
0.651845
0.536454
0.679342
0.102206
0.053896
0.713157
0.166387
0.091403
0.229194
0.276040
0.658620
0.730247
0.991729
0.875484
0.428144
0.032746
0.307505
0.088198
0.819269
0.242042
0.119633
0.568133
0.921781
0.434919
0.659200
0.737541
0.621418
0.995514
0.149174
0.301126
0.183569
0.489578
0.306894
0.363231
0.026246
0.970214
0.551744
0.429853
0.838954
0.246467
0.324076
0.076815
0.703207
0.146336
0.421888
0.565142
0.371776
0.304758
0.761010
0.184759
0.361766
0.508621
0.465621
0.608448
0.018952
0.129429
0.695242
0.036134
0.208655
0.675222
0.113712
0.412091
0.790033
0.992767
0.407727
0.495254
0.529801
0.151555
0.759911
0.064333
0.611621
0.540605
0.683432
0.039308
0.397412
0.209357
0.124210
0.799615
0.596973
0.984008
0.237037
0.481185
0.501938
0.390454
0.741356
0.533464
0.440535
0.915342
0.263894
0.316874
0.109195
0.635762
0.573717
0.023041
0.937498
0.749931
0.115726
0.698325
0.142338
0.039064
0.749962
0.652058
0.628224
0.792413
0.101382
0.030976
0.388897
0.226142
0.428083
0.840846
0.567858
0.928068
0.412641
0.196478
0.832789
0.358440
0.783929
0.081729
0.220923
0.939268
0.175024
0.400342
0.111393
0.762108
0.124088
0.599139
0.480667
0.446883
0.623554
0.644642
0.097537
0.181829
0.124638
0.634602
0.813807
0.476730
0.403424
0.825465
0.606647
0.659871
0.194067
0.357067
0.529832
0.650899
0.996124
0.455885
0.228553
0.039796
0.961760
0.398022
0.175756
0.004212
0.269662
0.013337
0.284768
0.095523
0.891140
0.011628
0.055544
0.425642
0.155004
0.912503
0.910337
0.285165
0.018036
0.859890
0.874660
0.724662
0.446272
0.102695
0.260872
0.129887
0.814020
0.422742
0.509445
0.322672
0.726859
0.290872
0.844844
0.217994
0.174505
0.033326
0.902036
0.569475
0.420148
0.788934
0.980193
0.833583
0.532243
0.538163
0.079379
0.684530
0.965270
0.986572
0.376751
0.210639
0.095401
0.582049
0.298318
0.323557
0.117771
0.448927
0.843013
0.411878
0.211005
0.518571
0.314615
0.769829
0.375713
0.639210
0.118290
0.832698
0.853145
0.945006
0.777825
0.750450
0.530045
0.266335
0.829737
0.329966
0.236183
0.862545
0.750664
0.878109
0.340678
0.257668
0.574267
0.976074
0.553301
0.461531
0.353618
0.717063
0.337230
0.356487
0.125767
0.437696
0.839412
0.531541
0.534440
0.474960
0.744652
0.344890
0.767022
0.979888
0.959746
0.496475
0.962645
0.318918
0.534135
0.891263
0.746727
0.094729
0.722953
0.074862
0.049104
0.317057
0.598926
0.022950
0.861538
0.755547
0.119449
0.564959
0.090579
0.004975
0.054994
0.224128
0.163121
0.295480
0.684805
0.754845
0.539232
0.577044
0.666890
0.158147
0.790277
0.911710
0.987762
0.457564
0.397107
0.702841
0.398511
0.015351
0.925718
0.794122
0.243690
0.671499
0.735710
0.968566
0.088809
0.485824
0.878384
0.879360
0.052950
0.365246
0.340526
0.943480
0.252785
0.356761
0.290231
0.229591
0.264046
0.887936
0.480667
0.871273
0.006958
0.735496
0.468520
0.036622
0.961821
0.004303
0.803156
0.986450
0.120457
0.896817
0.842586
0.250618
0.580950
0.555010
0.352672
0.455824
0.190527
0.755852
0.545976
0.834101
0.144078
0.741508
0.716025
0.944853
0.943571
0.965606
0.123600
0.640706
0.625233
0.036500
0.291574
0.808985
0.660665
0.639668
0.363598
0.919401
0.437849
0.718986
0.683981
0.910215
0.728568
0.699881
0.254372
0.443037
0.048372
0.034181
0.223548
0.058382
0.315409
0.848903
0.066744
0.262551
0.714347
0.979186
0.610797
0.077670
0.171453
0.168004
0.560930
0.085665
0.347667
0.712607
0.686087
0.497848
0.554918
0.339640
0.318461
0.280892
0.503006
0.590075
0.323985
0.870876
0.282662
0.495071
0.199438
0.506363
0.491012
0.824213
0.453017
0.712088
0.906125
0.687124
0.924345
0.963897
0.616535
0.769921
0.199957
0.066866
0.011994
0.987732
0.781152
0.277657
0.542009
0.834376
0.159520
0.701865
0.648030
0.210669
0.457442
0.998352
0.775719
0.012360
0.788873
0.921384
0.873806
0.259255
0.997375
0.731864
0.285012
0.046358
0.927091
0.008911
0.436506
0.098849
0.883572
0.893338
0.234657
0.211554
0.439772
0.293527
0.571795
0.354656
0.244453
0.086032
0.850093
0.726310
0.988556
0.841121
0.929472
0.534288
0.186010
0.105197
0.405621
0.786950
0.925535
0.771020
0.624256
0.875484
0.248939
0.567034
0.337901
0.228217
0.312998
0.197211
0.411695
0.818751
0.990661
0.162511
0.484054
0.808344
0.067812
0.795007
0.988830
0.104953
0.692343
0.536424
0.444960
0.119083
0.230964
0.992096
0.419996
0.498184
0.190954
0.791162
0.073611
0.121006
0.362133
0.785211
0.687643
0.133030
0.836299
0.615619
0.088382
0.303659
0.059236
0.181494
0.368084
0.487655
0.572954
0.039216
0.811212
0.470626
0.602863
0.264840
0.432264
0.981170
0.147465
0.810724
0.031007
0.149693
0.725944
0.887387
0.171606
0.196356
0.440260
0.402142
0.991913
0.628163
0.508164
0.985717
0.248756
0.727470
0.922727
0.637654
0.506424
0.612781
0.395520
0.522538
0.873287
0.652669
0.239113
0.947569
0.193915
0.515030
0.344981
0.052980
0.102573
0.631825
0.913846
0.247047
0.843837
0.361339
0.093783
0.915922
0.267586
0.629078
0.183233
0.440352
0.903836
0.328104
0.554216
0.050478
0.523667
0.260598
0.952818
0.549394
0.093204
0.901852
0.332865
0.437391
0.526170
0.767235
0.879055
0.467788
0.141240
0.664510
0.375469
0.165471
0.231391
0.611957
0.576617
0.339824
0.650258
0.703513
0.736198
0.122898
0.822443
0.702841
0.950407
0.564287
0.084078
0.646901
0.472243
0.313761
0.759697
0.240516
0.652394
0.423353
0.881314
0.323496
0.663503
0.799371
0.956877
0.190863
0.663869
0.336558
0.693442
0.048158
0.556871
0.264687
0.081729
0.382702
0.002289
0.739677
0.748405
0.531877
0.835932
0.209754
0.981872
0.230354
0.553484
0.588580
0.338572
0.416791
0.015412
0.766076
0.235359
0.081484
0.028565
0.488266
0.434309
0.436567
0.960906
0.137974
0.826777
0.189520
0.045961
0.446638
0.422040
0.201453
0.532975
0.669240
0.947752
0.311502
0.338542
0.253426
0.967589
0.608417
0.357128
0.534104
0.922910
0.930692
0.085513
0.484237
0.004456
0.876370
0.718223
0.054048
0.260537
0.104068
0.369640
0.129185
0.847316
0.206153
0.579791
0.639058
0.828486
0.935301
0.759026
0.847133
0.429823
0.065981
0.728843
0.353923
0.154851
0.672079
0.014313
0.844325
0.668386
0.101352
0.045198
0.109867
0.853786
0.428999
0.920835
0.378399
0.950194
0.670339
0.896237
0.480758
0.176244
0.535081
0.245186
0.887356
0.746452
0.003571
0.656178
0.144597
0.685903
0.506516
0.817896
0.743339
0.350841
0.989685
0.350749
0.949950
0.059755
0.644307
0.739891
0.631642
0.742698
0.585162
0.426710
0.607257
0.014008
0.256813
0.714835
0.554521
0.575335
0.849757
0.646443
0.005371
0.354839
0.507584
0.506088
0.460250
0.289193
0.606433
0.107273
0.152898
0.154149
0.887875
0.518723
0.496841
0.350352
0.726646
0.386273
0.744560
0.050386
0.314371
0.506607
0.891079
0.613605
0.040498
0.809564
0.352641
0.674367
0.851894
0.404340
0.452345
0.810846
0.871914
0.847011
0.243385
0.199835
0.060854
0.284341
0.701682
0.164312
0.198523
0.631611
0.818537
0.019593
0.970183
0.438948
0.625446
0.124912
0.437330
0.604205
0.681417
0.546007
0.674764
0.587268
0.054445
0.235420
0.854427
0.282815
0.328684
0.136814
0.558214
0.207373
0.667776
0.118900
0.600299
0.157292
0.466567
0.146092
0.140477
0.993378
0.621601
0.591784
0.370006
0.708884
0.952269
0.099887
0.550584
0.437147
0.803278
0.902310
0.688375
0.554582
0.360363
0.996979
0.624104
0.535783
0.710013
0.093783
0.820063
0.716849
0.174322
0.734672
0.626026
0.623249
0.953063
0.492874
0.304697
0.018067
0.602832
0.659688
0.598285
0.327677
0.386334
0.322764
0.117161
0.600085
0.021119
0.243873
0.332408
0.653279
0.860591
0.441542
0.452681
0.568712
0.037507
0.884976
0.967345
0.187323
0.602039
0.205542
0.136876
0.763298
0.184759
0.832362
0.211798
0.432386
0.216559
0.457472
0.661153
0.651234
0.236427
0.237861
0.192236
0.263100
0.318339
0.639760
0.842616
0.347484
0.148412
0.331706
0.925352
0.508408
0.783990
0.032929
0.109378
0.759178
0.625202
0.722983
0.415662
0.658437
0.631214
0.118748
0.410657
0.855007
0.311319
0.825648
0.378338
0.696646
0.523057
0.068514
0.751946
0.059908
0.607868
0.409253
0.586779
0.056764
0.896420
0.356517
0.355174
0.774529
0.113712
0.274728
0.845241
0.705008
0.716269
0.498001
0.443892
0.019684
0.692038
0.055177
0.586505
0.346751
0.854427
0.912778
0.653310
0.206061
0.161748
0.141545
0.094577
0.758995
0.093417
0.913297
0.065554
0.028565
0.613849
0.733634
0.352336
0.246986
0.755547
0.817988
0.869961
0.485977
0.352763
0.015595
0.514145
0.226630
0.956572
0.189520
0.647847
0.025361
0.462905
0.457015
0.003510
0.931272
0.484787
0.198187
0.283029
0.811884
0.999969
0.238350
0.235786
0.243660
0.304941
0.110080
0.496841
0.122868
0.807367
0.802087
0.965819
0.653340
0.687002
0.900357
0.008240
0.867794
0.957640
0.528214
0.260506
0.338267
0.960143
0.991546
0.319163
0.232521
0.818873
0.535142
0.096652
0.372143
0.891720
0.116886
0.124302
0.449019
0.746055
0.605518
0.583483
0.056246
0.691000
0.308603
0.346751
0.689749
0.397595
0.236915
0.810205
0.376629
0.638264
0.011109
0.797723
0.087222
0.676595
0.817652
0.318918
0.586016
0.338603
0.319315
0.461989
0.878689
0.297250
0.927580
0.202124
0.910886
0.600787
0.341929
0.407880
0.675375
0.976501
0.763817
0.825373
0.383496
0.941313
0.689810
0.322581
0.857356
0.250069
0.691702
0.174841
0.798975
0.713157
0.088992
0.672140
0.092746
0.914182
0.920316
0.830287
0.797266
0.859767
0.119388
0.486709
0.982604
0.091739
0.303385
0.562334
0.070132
0.293924
0.077670
0.770684
0.830042
0.923948
0.265236
0.555437
0.693411
0.901822
0.965758
0.537858
0.535112
0.886532
0.851222
0.255287
0.583667
0.171606
0.603992
0.471603
0.614154
0.731223
0.903806
0.841670
0.080630
0.447676
0.869594
0.209967
0.344371
0.052126
0.363140
0.325968
0.653920
0.809320
0.059694
0.255928
0.033357
0.477309
0.693045
0.273934
0.735221
0.574725
0.379925
0.512375
0.413709
0.484909
0.431562
0.153325
0.675314
0.429945
0.557298
0.442488
0.162358
0.844722
0.867031
0.306436
0.826044
0.182653
0.578906
0.854732
0.545305
0.684561
0.838466
0.547929
0.747398
0.141209
0.554888
0.313059
0.187017
0.181768
0.661702
0.387402
0.539506
0.118442
0.706931
0.172124
0.965087
0.879452
0.180059
0.877041
0.299753
0.060640
0.481368
0.237342
0.029603
0.627979
0.940092
0.084262
0.704642
0.301340
0.787622
0.050081
0.947905
0.151341
0.492264
0.189459
0.717063
0.440382
0.361309
0.797845
0.973815
0.238716
0.817011
0.208533
0.418043
0.847774
0.252724
0.849452
0.442396
0.560656
0.875271
0.340709
0.964049
0.792474
0.439955
0.915036
0.289438
0.110538
0.284371
0.940977
0.668844
0.196478
0.567278
0.831446
0.696005
0.271126
0.118778
0.117924
0.210547
0.013642
0.808313
0.972228
0.857845
0.505875
0.835963
0.956389
0.963805
0.233528
0.854457
0.282754
0.880062
0.675222
0.326975
0.364910
0.456496
0.510422
0.027985
0.940642
0.796564
0.978210
0.092502
0.548692
0.952239
0.417188
0.520646
0.640461
0.714652
0.518754
0.543474
0.107059
0.156865
0.324137
0.756493
0.504349
0.084506
0.497085
0.426771
0.756127
0.051027
0.903012
0.880490
0.616932
0.093753
0.026124
0.376293
0.676443
0.846767
0.255806
0.371746
0.185430
0.186926
0.573016
0.588397
0.485824
0.069704
0.668783
0.781793
0.325022
0.710135
0.025269
0.622974
0.836787
0.766259
0.991272
0.597674
0.468764
0.680410
0.382550
0.328990
0.639271
0.835322
0.639607
0.230506
0.402966
0.680410
0.072634
0.895505
0.908383
0.485580
0.226081
0.128666
0.927152
0.877834
0.893246
0.027131
0.236946
0.817469
0.812830
0.015931
0.139317
0.169988
0.578143
0.245247
0.893246
0.530076
0.790643
0.254952
0.346171
0.453413
0.988678
0.313334
0.543565
0.753380
0.383007
0.335459
0.598102
0.018189
0.930235
0.788141
0.599994
0.005097
0.775048
0.487472
0.849483
0.067690
0.593432
0.695120
0.192938
0.272835
0.867122
0.419691
0.743706
0.363079
0.620869
0.329478
0.768914
0.221107
0.654164
0.182745
0.023469
0.992645
0.798151
0.181829
0.313028
0.523270
0.229225
0.157445
0.565905
0.266549
0.370556
0.989074
0.196844
0.318613
0.412641
0.168096
0.042573
0.736351
0.984405
0.909970
0.650929
0.794549
0.005768
0.720786
0.204840
0.339366
0.253334
0.826136
0.862453
0.893307
0.669942
0.366588
0.793970
0.668386
0.949858
0.767754
0.697897
0.144200
0.430403
0.189917
0.076113
0.366100
0.821680
0.464339
0.050783
0.620746
0.805231
0.421827
0.002777
0.644673
0.033143
0.020508
0.814295
0.022370
0.559099
0.178259
0.995697
0.930204
0.231635
0.716849
0.478774
0.881802
0.082400
0.323313
0.357067
0.632344
0.238960
0.935545
0.354625
0.896786
0.395001
0.457503
0.304819
0.038820
0.367779
0.211249
0.419843
0.387280
0.775231
0.031098
0.632679
0.334941
0.363018
0.406964
0.792627
0.877590
0.013642
0.582446
0.995331
0.748100
0.968200
0.014588
0.829096
0.803125
0.292154
0.101047
0.818476
0.817347
0.116916
0.580981
0.846034
0.342662
0.687735
0.516129
0.834254
0.787896
0.749382
0.258400
0.468307
0.375317
0.301431
0.309641
0.241096
0.130680
0.253487
0.480636
0.601794
0.562456
0.012238
0.254799
0.489151
0.186895
0.531510
0.763604
0.030824
0.554949
0.856105
0.279153
0.690176
0.937498
0.691397
0.631062
0.641041
0.324961
0.029511
0.452925
0.652913
0.897702
0.363170
0.665578
0.266732
0.623188
0.518876
0.102420
0.543138
0.136570
0.640400
0.684194
0.163945
0.560717
0.354015
0.048158
0.168828
0.421613
0.646504
0.039216
0.107669
0.316233
0.487320
0.968200
0.890378
0.488144
0.726279
0.044008
0.114902
0.967895
0.297555
0.886349
0.155614
0.433912
0.262154
0.523850
0.791986
0.450423
0.718802
0.785699
0.660115
0.238655
0.115757
0.491501
0.307443
0.637226
0.994232
0.346538
0.132298
0.408582
0.694266
0.948210
0.989593
0.547197
0.055269
0.809992
0.743553
0.745933
0.641713
0.809442
0.549181
0.676992
0.525346
0.966033
0.143345
0.243477
0.155522
0.955535
0.927061
0.457930
0.348674
0.266854
0.119633
0.104099
0.927915
0.407666
0.766900
0.838099
0.044465
