10
1
1
1
1
1
1
1
1
1
1
5
21
58
23
44
29
0.266549
0.716300
0.813959
0.437696
0.544420
0.606159
0.827540
0.786981
0.008148
0.635395
0.612995
0.406568
0.434248
0.863918
0.323283
0.340098
0.684530
0.228004
0.083590
0.909787
0.199133
0.687002
0.676504
0.285836
0.413160
0.598407
0.541704
0.112705
0.003143
0.602832
0.246162
0.722983
0.370373
0.799799
0.081698
0.970458
0.266274
0.495956
0.945158
0.213782
0.966979
0.306803
0.158483
0.481582
0.902799
0.893124
0.384564
0.350475
0.148991
0.113315
