12
1
1
1
1
1
1
1
1
1
1
1
1
5
19
78
50
76
19
0.502182
0.294626
0.020600
0.100528
0.883633
0.576617
0.538530
0.527604
0.443098
0.026399
0.852962
0.446211
0.541215
0.852077
0.971374
0.439772
0.109745
0.711539
0.058840
0.095553
0.639393
0.875668
0.574938
0.719230
0.661061
0.908383
0.857631
0.707327
0.252937
0.270821
0.936033
0.234626
0.604144
0.755577
0.852840
0.411908
0.166143
0.157201
0.277627
0.570666
0.423414
0.085269
0.692709
0.831172
0.814417
0.326456
0.931974
0.609943
0.834284
0.661336
0.355144
0.222785
0.850398
0.542985
0.437666
0.240028
0.662099
0.542680
0.057924
0.749809
